4006891267
3348289806
3307344824
712761428
5690390
3951151545
255193573
3065200637
2276817923
2548547193
3444567215
1858994330
4281539924
5651290
1952063673
3126463195
3289130930
946228751
643930447
684700992
4042611378
1446643037
2752740750
1573926173
53246733
2196617491
1422275369
1277787053
4135999511
1887784766
2176748013
2933573245
274659206
2993146673
1326135698
2662498463
2877168689
3674736310
1635486288
4023651467
3064297575
2191314768
3202131634
183010603
748683739
824557696
2972673779
1321777994
3958501621
69107123
3136505759
981516616
576819610
3511120290
2488058051
716226884
3130122053
1627521126
1305537095
2050755181
1280790105
3641289464
3668802136
3881022683
1037823863
2974782320
1101794269
343068338
1175424575
3338805997
3525078797
2450292045
1001661295
775677617
1781099830
1816140584
2102932669
1057255168
822027209
4266464464
3025084919
1430938558
3675229607
427761248
527145175
4134449559
3579528755
1996891431
1643007618
1792622048
285788368
1023570903
263829079
4104576120
1604292839
2874529832
2470488615
3154164473
640868161
3926065834
2978064088
981239392
2776184274
1896130184
180967805
970941447
3874981223
3701419910
872169175
1560792041
2032950101
1852248389
3092070988
4221688938
3371489138
2733251719
3909178917
363301726
2599943896
2154152207
3461851847
1658546870
1764403139
3085842339
3427683918
1580132867
3009210033
377252246
197676641
3433525279
1855412219
3289771132
3039616553
4039984202
2138450292
3630298282
1079548226
1531168994
2337163445
1621255307
2620406219
2593300267
2422394074
134297370
1871836366
510596963
350580380
395520934
3245723326
547007235
3597639842
1927825840
1838817995
1584533294
2399836954
4215381000
2022037634
118619129
2987283814
4192049459
205417393
3149200805
1928237734
1045993343
1494201496
2504174537
585759040
3785124256
4223247498
977445743
2187386809
2180859963
2076421482
1893497245
1466211682
2492426586
3956872395
793083708
812099142
2387139346
175663545
2374776874
4237255343
306471317
1145222544
903216240
2847286539
1465626609
3183213000
827233776
978937506
1588454738
330976813
308987887
2613304809
737854073
2061334825
3429565167
4042618813
718876966
1055196227
1843891816
2101550159
1583599627
2043540197
2789826876
1412323589
2949432437
2159286160
3077989928
3386322776
1402640966
3851625370
1247487039
1699617930
2829097377
3668125251
3599362121
468210971
2994290036
520438250
3454444497
2514442775
170809379
1200389147
3177283970
3662018035
2912246407
3791639499
1225578619
1812644413
827450228
1608129220
1867352612
1290072066
1135212187
2882487928
3996892126
1604963778
2870733475
2002643223
4078885635
4154245648
820620937
962426421
944686471
2455258065
2853304071
2729916866
4011439736
1387701388
2749165379
1260762146
138058397
825909189
