3548704381
3852599320
1902206077
1016376919
63227429
3572687188
2577308677
2389450288
503754006
1074326267
1638107330
2821723451
2971146498
2993989470
3845636071
3733140560
1110674796
3494602428
3720992368
136947532
3485178310
4043079231
3648226132
1094987075
3171181292
2957981927
2149466512
3087524981
1307451813
545105700
1332855822
2696412898
3237990693
3889082988
3930562851
113149730
2002313210
3560855373
311067594
2534638720
1580636947
1313669910
956543978
126615819
4233447417
3775183036
3309247392
2889374048
1041990447
356994766
2073112200
3189136907
3287965226
488825512
1162538539
2985094970
659833011
1475873147
2779727280
1034224991
263640414
1379954075
875690686
2252107270
2542855176
1458956887
1583692141
1527789498
1727143554
1767240330
1175728970
593219018
3475922167
77648726
2602295647
444565044
3520746929
1381743814
1344879428
284136973
3673457887
2735294779
972337556
714149394
4053391501
846992424
3439239045
1284866196
2316002792
3494709141
419408705
1443410159
4270167540
1288738358
331035483
2506035002
4279939336
2562859337
3723427938
2011995062
905986344
563945323
890380186
991398623
1694999699
4294452950
3837864644
1277979982
2119177048
2957014845
3057039779
3457364408
2712149638
3123520380
3283969802
319487511
1528963574
964966318
2141986685
2826459968
2295756605
2713085164
343229716
1606272688
3832851481
310236300
3480207215
3547944584
825351455
3405873308
1928906680
1779066417
1307082578
3909897650
622761210
1063689682
4051329897
2305733918
3946572851
69741244
1545164199
2578674426
2653282768
250960431
1053197086
78027399
3527567723
506811053
1654797064
1333039567
2157351174
395938977
550898130
270181242
4271281437
4127205222
1942122987
3283889371
14811642
4247321735
1206739469
140604907
3893405596
4085252637
1993047476
2001245471
357435492
1366905553
3870910837
3829245050
4135141673
1682923480
2151341145
198284861
566828741
2899369908
311815200
514934423
1632707105
1812892963
3145846114
2336100733
1310632727
2675508233
1170225685
1576924809
2284598016
3383252117
518935525
3502644287
120986011
195742299
2216431838
3299284128
1351777519
1374382106
4238333231
3673617618
3034459010
1938728148
4266621111
3613826518
2308994064
178435800
1205993549
347063560
2361807478
76105455
2522984130
1668710096
576616742
752094347
3964763663
2725599187
1570669139
718136296
964714889
4022716564
2942155501
4055753842
3877021338
3711244779
4127782464
1028716968
2580674500
3970382370
118639763
3879698891
2032493739
2188412644
157404432
2480228272
3077792499
4029133328
4199380478
2155992882
18574739
2934952661
1271045763
1943980298
1049463472
564582004
1253527701
2009837195
2437173569
1978033088
835244339
1024673282
1040478588
1077885296
2415392936
3379398633
1398788390
765731567
4115425369
