7413601730204787486
8907669827519424322
7053984658633446828
1769648445761328159
2495382775629092856
14427840208153490203
17028422912681764437
6251440606950385700
7089920045860328548
6756636836455524628
4886599178626792496
4838176584914372745
8445590806222064464
17010441193367200806
15514062763206133579
14354339926920425848
15094171272224180735
18107824048473710869
15187541817608473150
484798702438440620
17243339895156829031
11108617839656772562
2527470346968886154
301228032177016706
3378534004654243092
3667457563351225608
10583958687635474956
3761051843639387730
6484788491416856431
12492423008046022961
1842097867095204229
15693762002548609838
384616272320202879
8402587423059693783
16015927435568944264
9494290488070650825
13295328527787219038
12210531747813823599
14128754408372778770
10931450804746089687
9552217060931970606
17185865650749053394
13045868329684421152
16454485297512293507
10345360671039363839
17581618049438746751
18401860483494913260
17709797622041314656
11980818305998278674
11859728920452001989
2283228733006258251
1856727182884294151
6159501607573686611
2458207350031819684
6495207468594570655
17272825038755829265
10294011837812006666
13641033610518077593
5852037655695233919
17401117126934356690
8528532227038004077
14412831694712393078
14603113616803745476
10149321213019367016
9310855506115745318
2593752489739174368
3344866063159945574
13908130688756688219
893340614185072680
16673877770964968391
8574066858778288680
15645105236778325206
4886779238266570992
14403730733584741067
9672473652080343827
16176716270302607168
18046548661983631755
16850420997354861909
13909493033975451074
18264261851028741229
10159253509429623666
11669071319966499061
1917800760127085099
3448704995316313389
14320391078622816905
14376568812227513785
13110488652525101668
6325658066378114134
15616933231967364337
15637990183980615787
7366386163233348692
9472212889426451829
16653736295617209450
11191661252671578091
1908790730260739149
4165798622583820819
8103099329648515424
11787578566060664192
17083523250726374420
1340399613317070229
14854646824388986819
8680851714714373373
11804394841287844249
7606180214690111514
865720523609963273
18321438977183842770
12615027787213685616
16083619152732989435
10771691176579175493
12150279988762934249
14763216450901820035
13649154580020139103
11118938078906755647
17508200242711577935
13498543431542515524
3283024148391514094
13337994133019751230
237524743916247093
8384177116321835645
7717051921963998190
12368507824290037580
7971474405263061141
17930901536426009351
16457498619572448908
823078403242602946
7477854947307030656
4829025551297634477
12821992100185370902
7821815998465772876
17645284273837666438
14539370315458282432
7003437000687090604
15586648666800634937
13486920381627443007
2387389894499743854
15765859929494177053
3809085012464721541
1869676975730850475
16270639832487139624
13411036361434793520
2392304083055602727
16453157403224809014
13206903277553332625
2134354463860946812
17281019826845638500
10012181925594771828
16748669149391887909
9851662460973986448
13349612530755935813
10079689113177439357
5772550067275839044
17737894446222879631
18363908331182498698
3698394487626260200
12065860925923514345
16297899599560453647
13608144946959738038
3715577061763106708
8974034589454810380
3469232510275115526
6284424863024769090
3207058582128998692
9435896098090765509
18144924458850934319
1019219860369289945
8410069544405196080
18193343213482362228
3634785761503063194
15783062463245001472
3357255538754850676
16544503564164114012
9996969979894289804
12788093306244041580
1161073507591583218
9511395115325907260
4960667544137367882
11216228110104071620
10421345779750707150
7638873294371286882
3020204697737716459
14117440594701464931
13559798531209841591
14413388421201749909
15602227183111468152
15369182967500852991
3307115056005605921
12271498456129965711
18072468335111887726
3514728673925801159
8243389366473432910
8423842363038239220
1242723908130533346
12163354489136439941
9185860041614008455
7808872708279164204
5168805150849956508
11946282970042252296
14295482323156780964
14194074962975244591
17351257973899433020
14929590472573873858
12355374676741628910
15456991580327519634
15796374587143749889
13646920146535805605
11594091879485322872
11759788224882896479
16795353141334230491
11934553066807036557
6014043925259789199
14165992303713725494
17542127047039558392
9200467655866823009
10831228702836631669
12447080105174900315
6685274121578885201
11030418113381263752
5667591563933272794
7153273960472357896
4897396100571023147
6607255793748142558
8072325456766749634
9661084311416803346
348874356480214770
13948216958979378760
9335442351577153404
2288688663294166573
13679763826546154664
16956047891033847464
13667363690197613183
9285858419332988362
4610466355516450764
13462659299625288070
16090891137875184185
210628881741654170
9616308355942564213
14601186909444330923
11246217094067987026
2264354942208580133
4627197818423562722
7600266578961863084
8090366199174590100
13393859154508096320
14432815827847510863
14971266117641969509
15372819010973619271
7190261551090872239
10436224963848700596
7663183172468453164
14151420866643495579
15650470666061723335
4783388962252957480
17201757819991846328
17453303144485135046
957679577344924991
