2892450189
3332238855
3426378677
3178513904
89097950
3121514664
2968398841
2426314488
189622129
3057970626
1936444983
3560371252
3223573075
1884610732
418502664
3909841955
3272074729
3471789947
3450236385
2559651015
2155252271
3668004972
2577943558
2804839591
2030626235
2465036344
3909353766
108738087
1734246281
4136817976
801743992
662568869
3957922084
2037364828
482527549
1021970369
2545145542
3603498537
1247331001
4172220441
1922447371
613049001
1666553615
3326589275
1256804079
1568058016
1191470698
3026254199
1193569623
1410321364
2227876809
3843857732
2124146157
2470275146
3376392388
3915431133
1381864051
2683586201
1942739652
2037352433
1147102726
1952021410
579893564
3275416724
3073025867
3202841480
3278249595
277492755
1220037926
671632756
2914512972
1003803270
3747448273
2273874001
827851978
1332975272
924335598
1446284058
2281552689
106168890
2056652622
2621018451
419155339
3246734383
150913837
1141636876
713220821
4174084313
3009968972
1448546051
435185303
2409077164
847497957
957035769
3114923141
3032177761
2872932979
776406842
1767688303
3112326205
3023316517
2743106521
3561560048
2082270362
580826276
1696154313
117640787
918022908
2519111056
1725547577
79209255
2461185908
2966284490
2937784321
2430118215
3270167853
2078395207
139980393
1965229836
3763974330
2420572875
161845016
498581625
3682228415
3716748021
2446071710
3251772522
559990684
834148609
2292790555
1665022575
3615252817
3428417474
3613983085
310885456
104024603
1390016282
3417600104
2429618083
1654266612
2778466655
1669947092
4232683825
1582725676
1086372470
2979886293
573566752
3407173813
691467884
1246500082
1135655595
706896293
3870170421
424173855
1089161114
4106176096
2807428004
510867349
3965272984
218669007
567636177
3138856289
4280260972
4031214444
2835389983
3358475286
2482157627
1986966014
3529710085
3099676367
141431088
318748220
2522305743
611249149
2037579491
3194045054
264995354
4068891162
3296951954
2434275191
2378448921
2282783321
671670475
3377723040
4247451147
871018009
504257048
68792510
2024537390
4188159507
1519255453
775284514
4086766248
1764882366
2282107259
2757409537
3644723880
3172150260
367220607
638108467
1687976121
2682458243
3356950627
1580324715
2401597078
803369722
1569980156
2540277047
287894231
308643396
3473284187
1800527870
446031966
112963447
1022808736
2181060136
2559856086
3657046961
1443611239
1327700448
279648844
1980218631
3283653154
3322633672
4062970294
549200209
643103602
2966015011
3040347697
2891573987
400989307
1878299206
1216869851
1584800513
3134006793
3643687117
166106861
2627429515
2942342657
490281767
1068403910
261514896
1591875466
48811483
3303853649
2673114079
4199977133
4127001628
761799839
2173068490
3493155110
2364517598
1787591515
779367510
571544044
