10046397850491927925
10489104553504099874
11002614127468406069
3101313231594246041
7326843747552389852
14474989105400808903
3730364772497772937
1652719542378707578
6933719268233984801
9893762271949979265
9048130529262005825
11324117100378324749
16969041362932096762
16612056809015547812
11866752477109710781
966479419541942424
14398311799070144143
11648424176928603905
3039254987772101029
14289698638136785943
11153618083109051330
7046967729047520596
14625162859395231334
17947187138686578110
2286483561434865579
14272203187553437750
9109812199568564090
10315996599828292643
5933678771524151486
13218292649635738292
17754061283843838050
5902976359626786389
10570606436479346857
14519401208459313307
3998448820488220824
2717811731984971887
8782463138838018561
2589058904106636777
6379295624072104043
15590997663031523907
14729739865451424354
18421105565758625597
2086535369484529975
8009576604229336124
6103287546230435610
16555409387939369198
14479480797286409441
330782489290132656
12372731394557019919
3415766906076354313
14256674926087340648
4618187413935689822
11817946167016968950
14098940979436965792
9174443772685405214
11335614647684234983
2628302246942164837
5390064279818669852
6207424007551233782
14455324333868396658
14218914324055916017
13116672349478625235
2372791378372997146
9463700884686702183
9503503324308288205
9350868270043941652
7676520978805276739
11237681905499639879
4167503626156653806
15303187666634245367
7293425599182809953
12066790842213705700
2050486847360390961
9863524271989607334
3809877338220592382
10675403763248507552
3666862843779498006
3072988776422745557
16504544492051677116
13740097048504392764
3388410176998082705
6782682788592772109
3540406711489239185
5273596445823739480
7228877700580874003
9683446444083276725
11153216264005472091
13393963416522287260
315555472095145249
11829939777156298664
8990035788220067968
12048165529505898819
2025510553639610353
16760192389970043194
5668683120970416559
18335081159380201505
8862651110528638833
11939227226812518512
15268328806421953390
4650906078385649098
14664678735887956902
11179898393251026182
7905243264014538592
11668521193817785212
14943493775606014334
926954125918397852
1557698795032528581
3685812212697450459
4286276347787189753
6293765576240862015
13517513813400734025
14224378011975017108
18314153580220964600
11007985199243296479
2068621053415145839
12838364863555909987
17983381039636122174
2378158150243446571
2054151539156560584
3499323983614356500
12294012949924731063
761766125348134479
917567701975147888
12852207624709288309
9677886471241699357
8051483530591398004
13105656630445414124
5719186684620499267
6428851901998235022
6762352903637582417
17438396549050124583
9661335839660254308
13142145904482262140
14736495546715960876
7558744543219898855
11158888858202139763
730695028839376599
14493376255548758461
8114246002639325950
17871582320639390371
11999075528726143213
12678030871268961638
525560066724637005
4041189947906736674
4578017893386413758
2144561782560710154
2949083074055594928
3040258806006546021
933287235516485674
1392949802354690066
16852763770977693331
2983051601780217967
3155686336974533925
470164800770838015
13256430770725300959
10495884915381018025
4056901651952375656
14755612861221030788
13886319244298736501
4571680374959689496
3233454495385653516
17316676575947176165
15848893246545817178
2929404670369872060
885096775004391222
13323405237781225991
10028979223136579208
13792395220097077603
14748075850528722346
2442008586704235826
732177064235966006
1969665111259212591
5350499090117189406
11132490600871760735
6053625935599997379
12812673216463348134
7314964213095670754
440740449641998985
812088152521019119
6329987845642401293
7851836068219451219
12379838776224145018
11001384069106364784
1163293010265323812
12059953216472930802
2659947740719973985
7286696622934427896
11551967741266918159
1321680418947776159
6167710438480660074
9482209868425767661
15566358363786321374
2659345819175345108
4248063767580383853
4675266281899609870
1851646700693914325
9882199469434423055
9122988127692116086
18197214401453599253
11648499656711087573
8713547828065278050
13486614027060888242
17158346927446122946
105815983365329875
1358422758941222531
10040439803974670246
14885486625459459450
13665545916545271472
4698077523645519005
7920352314158997730
12303699672867768054
14699202047906843872
15081766439489486766
5302946386271908771
5896934264544113454
14657892737498394017
13170206724687126814
13120031461516220909
5235820819970026605
8970906593598524441
12741234277268460538
2828500640355652483
9803495565416124875
15799047973792470794
16348708524775816111
5475081658460780411
15681498083996478238
15099184431950548275
13877597298065496057
17465324475580892582
15173776084236841679
7531736393449930611
4706596902211944239
7622344656192753818
16337313933137673993
17174930533472541720
7073199512986965833
4872027373620782746
10362380097325552285
534251986865278740
7365727538354425392
17711134424850050959
4126728206528373637
5888612727750712362
8156506751191490457
15413808604831872856
15421104431764148782
11199827673006556355
8718644034580232416
6334415624201230983
2138177537076294486
10276991807200674325
1730940376280754708
13839726165735338055
9054845292661343698
