122111112
935033195
2418253022
3385023891
3198737964
2959550868
2270671276
3113717079
2957091837
1055759995
2505048166
3802184350
537797213
4148551894
578061825
2642708084
306308863
3696070474
271531736
3628083689
739638839
2128221780
2262853778
3585026358
257815237
2701285292
2400786765
1796067238
344398896
2605272154
2038739575
4284480708
285525857
1438213625
2482043228
935405510
474989404
4032979874
3142369797
2450008397
456636790
4269903725
1253981601
4004352080
984101322
3672223105
3930934336
387485865
3318317348
3307556881
3944270597
1416860554
786224726
62720153
2706344856
2897686058
1398684334
2924763187
3623924834
1522177511
3487405366
3125734245
3982933528
416913439
713519240
4195475137
89787257
2002032100
3175038533
1402236632
31367035
3000658347
2949058694
3840075878
1944755651
3778141635
2594066405
1300606821
582402270
2932039037
2783478219
4092711911
3148443255
1791802008
876246172
1359876774
3816464487
2691917064
2422255121
3026346098
2019260662
779602600
249725803
1822320557
2929986188
667049168
2634186844
548876691
578488056
3610006772
1049124021
2421226455
329858091
2074498928
1524717758
3965754826
4087925770
2309013659
3179925966
2313063257
573413947
1864320559
305639599
449956868
3758557936
880843063
771977775
1034687552
3400721584
2341784172
1621059785
3941918320
3735430680
3596005494
1505114734
1253809207
605268969
4263529658
2996100802
3847616784
3690312887
1680938357
541797680
49414495
3993123672
239449613
2542638259
1752689540
1840423583
3467903744
2380344926
295882477
1271611882
2514933244
4211848111
3600526169
3565298589
2893481387
3411425523
2366112488
1806985833
1079747541
1930261216
2602775751
3896698893
1254041210
3408874868
4504459
696977565
2639744892
1360467367
180607934
2910712293
3991454790
3997947263
340028525
894378948
2716572480
3115686157
855697615
3020378315
2438499534
1328576843
3311548205
1264654923
382976890
1968398844
4075465244
2803775474
2792865878
1829890478
1955198429
624193510
2546113634
4019387228
1918786441
4018678457
4007783654
3699712956
3720294320
121140711
3895257220
3414827862
2524963005
2081995757
3214578775
4068022290
1528686640
298496312
2892745979
2292030782
885400073
734136350
1034920457
1096899605
3962970389
4205585683
1429029850
3060425832
629831984
1800980234
1667599152
2514408237
3920205204
2611941840
1165179330
2399892179
2852003073
2088326524
3439510380
313103474
2451481658
587896278
2283068083
2486633961
3580585826
205338168
745143072
3280032998
3620667589
453522360
1255093452
3236093228
3207458511
419738659
2940233613
3321277271
371585730
2493674283
351638601
687253675
286206983
2265834009
1738343297
4246031743
2409859183
2052417054
3117515745
3722144593
2668413775
718700554
1986161527
2060949874
1247885440
1804531660
