2864578480817499210
2828467223558452063
13544447137286705935
1389567539151550962
17147555028590804581
9342480643804950429
5053648160672920399
6977473463743797368
10547549233160202621
13703349017968803396
7829457199892698547
4510914091860445985
8894360612329505403
14558304898400620239
5414797283276753260
18237300646546056170
3387955217717812961
14152427338951002279
17354740971198067248
17104919535068767460
16723981031781111056
4914394738384924569
4297897816524996739
12586005774127547424
5847181341934449537
877690334128375134
16931502182737227628
9871739911506639988
17905703497569168538
6547682800332324843
13007726123362277677
65326833987654716
1837698790598678294
15984301433757160278
7603291222707605764
193134262823380966
2685094255530110623
12366192468566701790
5998511401776419819
11793843892912213866
1292622272120844038
5484656613472780075
5634829431521800793
6140111232936888460
6242888100672397390
4291557538945382368
774106638834045004
7764114685348004897
6344785704432635754
8644418172458689566
17168951791601966285
2237864960070912210
8761388941676507482
5800872244205959229
4293274049461086409
857020406748659242
15781679706155982149
9080004028299131746
13276947996920258766
5608529610916568955
7756471251299240870
5251509464379981126
4843723583598413824
2106717830252829624
1932416568700045267
3110023380624117152
11065168026786171334
10263734304315943585
769744338363376190
545949605844332311
6416380984337251462
8363749593259096746
6135438622906167881
2222770362908915258
10164076426556455588
14201927125086716849
12766359745217434357
12414543778582342070
17493882192588169468
12967552109783855189
7101880812285117038
15855159113339408695
7925220460831180757
6123821176077014140
18285786572690242400
631485734223168941
1194608403102591816
14461780172982377707
684859921249866693
9588878940630859314
1326199086388511345
7877556948388521836
973548104063608450
13384378300181353883
12287063981544881951
11908818420937180374
3980243451641894653
3295893037665695507
8732687574663607768
12019784976977883791
367146743885128484
8992665202561182137
15386330376823844956
4583441146036083742
18396589666295630822
3551480686414960553
8500928071870632185
10922866524393997128
12050069446017734470
8077173634861476851
7871101791694458240
18004214431725980993
5483379137016719252
82826299130269956
9514727424146737697
3312386268656623382
18372248886064380666
4777852719611735923
13698235020155252324
295985874914660134
15534302684293822296
2536615955300637820
12395559743701098528
2081012833291222468
7319368506548953990
8239013201076623591
8881694473564216537
16714844509342271863
3742171725982768543
14766986118065481510
6345046213779483008
7243213270650654328
9202622149589064767
9282968490368452728
16828555703653550228
714532245810758285
8706534794088988397
4434582795026620827
1498876288029847734
7642871397193057493
3998157402631659844
9618008382789587174
1228984984316634670
14494453840611817204
15087041884067273577
16893937402929313442
186919890590547631
147182447646791656
12341713027582315815
9035896650577308218
1622007484661415164
3568079803617676039
1128806691300677787
6910198388703570154
16427993032204416569
13428681184495930533
16170012523814157923
5535689972545410872
12754804187190133934
4609595031721438875
3768032008892672110
13199670261733492467
3697387259553616431
14535792804746079700
16246557894047648031
7048145940490599552
14491681267574312355
4102217414403166707
5969580305503770148
5089571247204640674
3452691063793737894
6374547561796181572
6056228095866135715
7298767395447522427
11225010176319407085
8118526317094843618
8786847414137645380
1006705974771782432
17944490561807395762
5009340574282120621
6986187875447874244
8828914321013183048
2576633171943323974
3008738255992019055
12849862462440768699
7427228479438401630
8147704731741300943
9384976214594535731
5804246812315320300
7853520018266966327
18033252229839393087
4098582657137950970
15209813450232771717
18087551888598621300
2435815224838255018
3329359553120407250
18353680247170583274
387321540218752807
13152952626245472444
10224409120816925107
5939843202206097326
13814103035152841323
6452303364151799125
4349734575028715676
9674933096308458912
15560022090952690221
9515709664233251802
6488500280014005050
5999836390074216512
6691708342321444165
14266509486323550026
7204780900055701103
12609376465494072203
9306047035248542313
15300560233898901803
14599891747349591561
8514777777168819216
2929363167479465059
15976353963524649100
4138810073958804727
2927807806919477338
3023011265955564525
16634592319424366692
15849307796654111418
16141497955075201278
18161662689185820273
5062825694117365765
3222962393737413975
10167671857115528706
18199339632611570184
2513440553272076399
8931099561837632148
17085265303666103466
10817636630809896086
13431774751783219804
4165061924445755835
4146102979138615285
9300780578005859663
10642954705969153414
15570090641535150308
6783719827344056402
731874638672078528
14917993477823520073
11798319067562553617
8474720023263662559
11597471496157045132
8861833392483301566
17309121625711505032
16700588467528946378
1432385163317921567
1943021670688166583
7494861779776144073
10913455439575420939
17544424514388537783
6862725275945085700
