2289874675
3719997172
855152373
2285274870
3715397367
850552568
2280675065
3710797562
845952763
2276075260
3706197757
841352958
2271475455
3701597952
836753153
2266875650
3696998147
832153348
2262275845
3692398342
827553543
2257676040
3687798537
822953738
2253076235
3683198732
818353933
2248476430
3678598927
813754128
2243876625
3673999122
809154323
2239276820
3669399317
804554518
2234677015
3664799512
799954713
2230077210
3660199707
795354908
2225477405
3655599902
790755103
2220877600
3651000097
786155298
2216277795
3646400292
781555493
2211677990
3641800487
776955688
2207078185
3637200682
772355883
2202478380
3632600877
767756078
2197878575
3628001072
763156273
2193278770
3623401267
758556468
2188678965
3618801462
753956663
2184079160
3614201657
749356858
2179479355
3609601852
744757053
2174879550
3605002047
740157248
2170279745
3600402242
735557443
2165679940
3595802437
730957638
2161080135
3591202632
726357833
2156480330
3586602827
721758028
2151880525
3582003022
717158223
2147280720
3577403217
712558418
2142680915
3572803412
707958613
2138081110
3568203607
703358808
2133481305
3563603802
698759003
2128881500
3559003997
694159198
2124281695
3554404192
689559393
2119681890
3549804387
684959588
2115082085
3545204582
680359783
2110482280
3540604777
675759978
2105882475
3536004972
671160173
2101282670
3531405167
666560368
2096682865
3526805362
661960563
2092083060
3522205557
657360758
2087483255
3517605752
652760953
2082883450
3513005947
648161148
2078283645
3508406142
643561343
2073683840
3503806337
638961538
2069084035
3499206532
634361733
2064484230
3494606727
629761928
2059884425
3490006922
625162123
2055284620
3485407117
620562318
2050684815
3480807312
615962513
2046085010
3476207507
611362708
2041485205
3471607702
606762903
2036885400
3467007897
602163098
2032285595
3462408092
597563293
2027685790
3457808287
592963488
2023085985
3453208482
588363683
2018486180
3448608677
583763878
2013886375
3444008872
579164073
2009286570
3439409067
574564268
2004686765
3434809262
569964463
2000086960
3430209457
565364658
1995487155
3425609652
560764853
1990887350
3421009847
556165048
1986287545
3416410042
551565243
1981687740
3411810237
546965438
1977087935
3407210432
542365633
1972488130
3402610627
537765828
1967888325
3398010822
533166023
1963288520
3393411017
528566218
1958688715
3388811212
523966413
1954088910
3384211407
519366608
1949489105
3379611602
514766803
1944889300
3375011797
510166998
1940289495
3370411992
505567193
1935689690
3365812187
500967388
1931089885
3361212382
496367583
1926490080
3356612577
491767778
1921890275
3352012772
487167973
1917290470
3347412967
482568168
1912690665
3342813162
477968363
1908090860
3338213357
473368558
1903491055
3333613552
468768753
