16472133154056528784
9367699845104111649
15967401476609683015
9609085441305661523
18199809179584040108
3269768028808398415
15167239992245901655
13470599945048827846
14500897340541418994
7704539915148393284
8792184233049666499
11399098185941313887
2940533869433667867
17089889446917986782
8877781467860246465
2345371712931016652
13811206943991248237
9312677760411939441
14779935421435600130
11575418419434170007
11938668984370977327
8763727832032974266
17646617732270099435
2676059646229162672
10246987152514789918
14734751749578630522
492650569679689080
11370997273728668615
10479954748648004850
1952651015561542006
1866411347463090141
529188761851269517
12179044787391044637
10185410554243991973
16129208345967754359
10720125012653464623
4296014711288992769
8145606616905678541
2450917044509005521
9591618637264432694
17528609800718823847
12424025863454903014
10442267403739345854
1761531860674132329
14111498885707702165
2930550315138695699
6071089814952117615
14775633442290090613
6371735384861021171
6522133511192604973
2057105971576445032
690729314338762708
4542188780106989769
10248156793663501675
2766141053129194148
14550068331642623678
17468806904746059174
12244676347331868340
902704444528410111
7545235584674785228
2763954522511512337
13963108246172043602
5025904689123123089
14384807728625340773
6245280442803320904
16310601189376065495
7588912404898145318
15961839053168928797
5681250479837929866
11846716199438036398
16040609091882213148
6367541570185105414
12399187966961423714
6650912289236549553
1975817018270280947
1515279044055332098
11589316911916490385
16200629528598474700
6292392349712077111
7452701530314929582
12988290306691079516
9971228503967603567
16895063405185447134
8786976643181910829
14682666621078362149
894836527169771531
15779688214736238865
7872243770048013315
16587736416067627484
11134710674876770621
8144623330343657683
15675690089900764373
17867565236611171238
14593497299279650286
8280658908276272054
1721886757460169051
5065063973299516503
3046197728041081865
7592844275919433158
16092351408290445339
6251841621252453224
8749649683590461472
6963280274332287750
7950787624203036743
2733800046233753792
3103514962146392483
243962713994749195
17042008295727668414
14681472786634017201
8923827145184055048
14974802221975351128
17837038581375385291
13808689395894924234
11513970445756269992
4053528011367953433
14527961731677926655
671733778669988241
9156736027604080617
12097539334047631582
9371737871688714641
13279761668466965659
6698201634714218071
16147353163049672683
636469093860648652
11102343104497845818
18317895254851082672
9621376092590323374
9771759039522838196
16666495014471072496
5154688433225071169
9173708599398785271
225041080409284968
8623334536795017374
6540652676746365398
2681952824423471973
6738088485316670938
6236546789406381726
423759098326558673
8478275618403332659
4952041506187104070
14238724812623407482
1400715570627726550
5228500277406271520
8584116889219753240
18107292065165714596
2859144778183457827
10799429142798336015
17698545528632538355
11853310934235790288
1250995905481547393
12810305474795957283
2783129663646160335
2545701184261124655
8819891566484579683
12922832892021608883
7495489508077529962
257335447985780925
17004246520697118235
11867529905787860586
13385728061800226932
14982847818124774853
17689253260516780141
14617425068973093885
2651031833420354545
4585729133533348081
14445975790029048302
10168503165178434584
15303607259248374795
3717070269245458350
9320435830725674536
6215438986394291652
17145472585475249216
10209667680550962185
17439614879326745658
5773667918925557170
7278796481383693750
17787508057827580469
12730521006095783153
3506854519174050312
7645580383012495212
16545638848272868292
4338022376357099463
16286047602477954989
14652692321870493280
1941360130325406304
9920508656390922724
2085692367959316713
15284926368887888028
12538495398996450054
8870304223579317292
4927044426049435465
7627256743233109824
12957593200611823536
6919354479109375710
2672126573430143434
8031708884707023559
10401708824601206709
9155177794008482270
17726389978813585938
5898938667807562242
13792193107181366051
3626055911197528487
4025382044887013047
1457938362685766955
14987687199840219660
7285744195009522756
5880640197546376498
5542120462820077219
18014985351218459329
2644822091957295606
705021337745291434
11900534370395433889
10709443648771974315
259090177522500250
14695462854316601831
13155197990602994125
8434875610668863663
8434962430441438376
2918832353043667038
7143449046716099099
8541009134373960499
9965694192255128319
10629367054963095004
12516671448266630129
1723876747398046430
14764715196400898258
628650165656866700
3824295294493287276
3537098602664799933
16142606634225032654
9850742644729424014
5817695925329428984
8284600687535729442
14525114540852209920
3093563003496885137
3991755490204152698
9759076288653504604
7674522566171410845
7915576587927710554
6369538956755559380
11970060290759589778
2391950966416801422
3533611446995890283
14187465222792241467
16669620093548325379
12919244537392402654
9052564702466560350
16161706648305095549
16709565147260102740
4941219191535460332
9949574608902244049
8922109036792666194
6990033297033788153
15625728959314711347
2162271676246322296
