2640352199325215593
8360932084778604392
14198711019245726459
3368175006645149560
692268891091698501
12053135886318331903
7681701451398190106
11701687242753776128
14266636436413314798
9758260239921702323
16539026498074905067
457058814044618082
1058020735861632486
6184027769776574878
14460523539565124510
2148930411720687123
12114511609330143996
12196122843865396017
17165440394082919942
1481381143104137036
7209305397372341351
10806513820434369303
9086892618488441837
3559547130106766241
16015476943535479289
1598154383254455536
6698842481148454206
5257489374626639515
9434231619929424811
9033212071699549825
3165568167280019980
7485817068506130311
13288509326594818308
15614814252708418179
5715641034026882524
14264413526662541071
11938265046702300255
14208876837826881809
6121122291132844578
15935971324027632793
16702356763219279740
703730314058473960
13182632835097679340
608141900998037540
7710873303480930380
11491103461606040610
419003327023536789
6309440416172843999
11324299663767505250
9363943167872466880
4420413021077051292
16113298842456711251
121980217510361243
1674079580230967979
9119841741796180162
9231789365390082522
8585216674108609532
5179710920794610384
13287204334893675301
3141200941162537011
4120914330748404401
1004583790212596492
8377851525374464261
14418484516709203234
5319705234055957319
7684262317683744069
10912904602409969057
2426023718042297650
1255184611087989882
11561883536938216920
3682850567100600221
13861232788542748035
9884967312908273290
15177246110098716355
9937065666636092126
13727093940654195502
15263134771350597153
1134294083248541412
17153126554563076640
8445842026433449029
10477036989035835883
10604535649815676680
18374907218051547105
9142746408174324897
6930218460403555549
5013456510329850779
7307869528207668518
15897843797129304439
560410535891194225
10893648439563280855
11712184657605445497
1004259204854330232
10179407409431274120
1464358060997323559
18000196228304223451
2169077199316316359
702326334979030073
4092301653734209940
14361179999336346008
2036664581478961001
8092710409051841260
12934232978450705068
16784634594897849650
16799811062970926923
6141575300922623347
12696212637675834975
6564481982752850405
17141187458295354642
11120201042045847216
11029135640366477068
5850857250674322872
6782793166552307510
16137921294401591915
13946923560273832374
7109887682175264336
3958567332714533716
10570540774173910141
6641745794185484835
10824807341131278367
9199638269913042480
2723283210546501313
11645885559759256067
15416399162790586362
9912974546486991535
8921091679512612872
15424536897329127812
269229068200980130
9088668946527370015
7480225259130982905
8766465997218798469
12232877568957560359
10852984366418151706
15354145044920449034
7380985508918357441
4609672053588546055
12430353544666574742
10452803619209207352
6316136346910174696
9140937771643516003
9921597318422742390
16293887219388413869
4000262568872272646
3340988894715963271
7272035783581697014
5406259065850443339
8627118586642317066
8086694646630707965
17011850599385564553
417606220080153473
816478986438228189
15390849708900978937
8391917843633309171
10113095267492973131
4284359920872842280
13324693408048144331
4935546481458058590
7729391712855478720
10943674457563572283
3911459920077100604
3949961213535649181
8906021509144336637
12204652036477146651
10116140218791474790
9998976114518308049
13735088991873399216
2641477923962844646
10698597377255314478
2450415981850166235
16057541867766006319
7510831090994250014
4463603394101609342
9360351136749524911
15366819698558141207
1670373539259739112
18347743275146664247
15251891479202779487
16203696840759326962
7833233881618601762
17792807886559339619
5873674312145924267
15320754660909975718
14408049830442218724
4467263974384907188
12795452770898920935
4536676844238175206
12194505792415445748
815790471225242754
5299391097461560605
18338380389720886401
14208766840379115357
10230719932973175040
8815545175517670218
15980718369383782395
11364601709095401142
14031796473054801588
17436807114964105088
1829923867703632081
9670809936331855559
3651032744704463804
17851473412101267565
8394485441626444751
15075276789493933593
4226495700313350954
7956727465494798628
5795707340214196223
12138194319389197558
15846324132535118003
9622417718645682782
6307027959566871035
10276915519286626433
6530466588514571245
6172786225837665919
7448310145693259228
14184292950400744705
7627886269883536111
4318544166157248978
2173344923488184670
14582524412308995182
1245021981959548934
10590689097935544915
8037503853063368420
202794694327833266
13005656148160883172
12792728161400021691
1192566287102197829
2537616185245055734
7951065378255261432
2059746352274838451
13994780570472952054
9826269131788830465
13404614747102577696
15668971252173451963
4134693949595394948
6460106507937653344
15266184857785716431
8681411746953202861
12502250556772348869
10530813569290539751
12761334107464820395
10167394166707756535
16130170622877282433
16370029681713681965
10121680453215624228
15887310866638846733
15278871532064858649
1642241415774631714
14976947475200425261
13543600259048038122
9816223795634340353
6279332069824124104
12788746495708367733
15378927585312696543
6923849291918965825
14662156572042796407
12931343965420825559
