8159684949793230723
1818578184711258200
9060590530643360840
5002000311983115706
4182853899710425555
17522285779781570799
12807889397297192022
4053051670071895676
4780140851078451253
1184959376017539741
2781870240139924751
17664476490873262996
7711778609956958553
549420815578694997
2804764697420166799
4753003709364245089
3636184905018930217
5989082701738159996
2350378214513677847
1015649388331212974
16037339604216164336
16404517077164235941
2059223230711419318
7464498045611602908
17040517756148460679
13518307012657096435
14698504238075955983
12508544489152443497
12704563153597633477
11955418243052698049
13792866827373524750
11679859913713062020
16790642592556597159
17049830755103995163
7617704199852596977
1417433888116658142
12547011865876172872
1114888195796965947
11674704453851449586
8233871865246164136
14966241083425539932
17453527594580160098
10926151611558940411
84733831795673322
1863474937784615113
16237225959344576756
17843571019167240257
7456736579045241274
4320721230817106045
14612755092916502671
11881435260918244757
14182996131389912701
17554246559292043167
6672719891597075106
14515931082537263312
15045300804106822598
6975226055525762950
16936256184286355646
12094714587049551681
10347155139153425889
299373420214421594
16847038063650005480
15811478822717023027
13751194987368359688
9194006613817112909
1853556672555667688
10092477251523815397
2447446072754426571
9865337414362926384
15624534860103420104
11813590042659210642
13171009077736853816
17607111762875215504
16828146032461142322
15734890225740005288
11012673874448182603
1950224618221242743
7737195477268813517
13542946559563681312
12363181028608016408
17043685097866976684
8280798035136364101
8606964658188144524
5510627566947802460
1696753422276172154
1432166306764096509
12465068675432321479
13918762726337051922
17679523473037993450
10803310058309631608
13272773713781288101
5820415524684269349
9703795091707613787
7261568592549130570
1845277195968465304
8972835301877958775
8828783911210447490
8583588586278466521
6730789205961805850
8749442301680274942
16896001013422264086
4286116152323367915
312263206913204439
6886253939483669753
15455633371711486246
8869440836519675630
2428537615123566181
17083920759585573158
3123152697279647807
12960832573723621386
16013444365669772704
17751423486846075745
8726204607446574468
13798905345641306259
17309469811964822415
6794335947047415948
5634272206645352682
18398216703800513833
9752359600543770429
16816438588739070990
14536433223361497929
3123692050849712614
8841464593619592026
10217384046168929741
16180932156770860361
2971076009089662799
10677175459430248941
8769334694694947866
13551069789126597211
8710887586566292314
13436405855075002772
12672037541116913849
15952977770026613407
9933484359333569336
12073388445980290765
2388143026394327237
5219102742800880202
5189887582465427653
15865559355030081411
3537457864644784138
17796841346585948845
6788767704456143461
8513362485900120850
11599884795132022074
6177434972708387958
2592975626497509695
11475212277470337169
5177481343654275628
1080015889737274597
4058468314112316341
5396478541792750254
8168127778557906617
10573591942838158499
16589484432970227813
1448094310242538760
5147651425303372308
11008269465107697759
11899178812166693262
11213644555372870980
11586245696226347813
5408156702603350501
3367594827469670289
94680738867447357
1256519926250564780
14780448320582760492
8428841662175023865
17745691890166596726
16255719488245181346
13134782367066615026
11015188173675647498
12939983264716278054
10867784048754444155
12446975919736594097
3949927957483503738
16710010818054516207
3076189850831745954
16364049855934007656
17008442191027006662
11484467613361085605
8231279450462288063
11095830901813099339
7353091884657322573
11265261162836924565
3267036425598778876
8482431275083488718
3150630829958930016
8193509736754580760
3245888029359337451
12216700477232430237
10673671949519851195
6618461670744141383
12267631435302398321
18161726136429332205
13282192643660077262
6530215854698166051
6448519942275994439
14938679629226689536
13901800362448365319
8398749913467384652
11910180983304070539
1587440947680993723
8434974243550213312
11099881986057864254
13010212986840081906
3890639077879739450
8218362166261445308
7918265352037529216
16410611043076239058
15291067306576848696
6184760489052600507
12934833847839272998
4831705696442203137
308609409784059316
3901558509143583678
6885773833449124272
554571487084210484
3384453170658196662
5606879880315169441
7415944508194461774
4536660230405264021
4117694088923251573
2755471514831936200
2188509008531142837
2225645466052930087
12572790107142584191
15196598761051435051
12091565903318761245
14404492698112070256
1521453096519333167
3278242309755173702
5255070334378891115
15229982088486218246
2319197029021128623
12491612945263720268
11807923310183397392
9020661121364719589
14570063958989954809
11995456804101681834
15673723829787972810
2228649557893569382
5416853071612226116
12759506525202301896
7598100469408576389
10070820552267567704
4807624249825253053
8516992532242670147
9562306382300863484
12615302891428613570
6375038337327130072
16585678717296250419
13578716309582275706
9815737711552729728
14222470867014910612
17992479739929772819
2130469324255533615
