48090000
46189456
48221072
47893392
46779280
48024464
47958928
48679824
47565712
47762320
47696784
47369104
46254992
47500176
47434640
48155536
49138576
47238032
49269648
48941968
47827856
49073040
49007504
49728400
48614288
48810896
48745360
48417680
47303568
48548752
48483216
49204112
50187152
48286608
50318224
49990544
48876432
50121616
50056080
42388368
49662864
49859472
49793936
49466256
48352144
49597328
49531792
50252688
42847120
49335184
42978192
42650512
83479440
42781584
42716048
43436944
42322832
42519440
42453904
42126224
24234896
42257296
42191760
42912656
43895696
41995152
44026768
43699088
42584976
43830160
43764624
44485520
43371408
43568016
43502480
43174800
42060688
43305872
43240336
43961232
44944272
43043728
45075344
44747664
43633552
44878736
44813200
45534096
44419984
44616592
44551056
44223376
43109264
44354448
44288912
45009808
45992848
44092304
46123920
45796240
44682128
45927312
45861776
38194064
45468560
45665168
45599632
45271952
44157840
45403024
45337488
46058384
223163424
229651488
223294496
222966816
230241312
223097888
223032352
223753248
222639136
222835744
222770208
222442528
221328416
222573600
222508064
223228960
224212000
222311456
224343072
224015392
222901280
224146464
224080928
224801824
223687712
223884320
223818784
223491104
222376992
223622176
223556640
224277536
225260576
223360032
225391648
225063968
223949856
225195040
225129504
225850400
224736288
224932896
224867360
224539680
223425568
224670752
224605216
225326112
226309152
224408608
226440224
226112544
224998432
226243616
226178080
218510368
225784864
225981472
225915936
225588256
224474144
225719328
225653792
226374688
218969120
225457184
219100192
218772512
226047008
218903584
218838048
219558944
218444832
218641440
218575904
218248224
233911328
218379296
218313760
219034656
220017696
218117152
220148768
219821088
218706976
219952160
219886624
220607520
219493408
219690016
219624480
219296800
218182688
219427872
219362336
220083232
221066272
219165728
221197344
220869664
219755552
221000736
220935200
221656096
220541984
220738592
220673056
220345376
219231264
220476448
220410912
221131808
222114848
220214304
222245920
221918240
220804128
222049312
221983776
46582672
221590560
221787168
221721632
221393952
220279840
221525024
221459488
222180384
231552032
204485664
231683104
231355424
238629920
231486496
231420960
232141856
231027744
231224352
231158816
230831136
229717024
230962208
230896672
