11037330833820317581
12975032462063111973
14466009917094955463
3830851014855889726
8672132232223095771
11136701922965804722
10352053460428429544
8403646406389699403
17238686082597760825
9112977306908182464
5869326192264751358
10708916559739132423
10168132747164208201
188112668246715155
11530125219167271462
10490964922161533954
16292744695866658541
663517734630064310
993755834663268529
8581035425784659821
610373731696005380
4833434463143124705
5786928364640783899
18069852016249109874
17949467720721068583
18296408305266348193
7565667583450539718
6168397078854811329
2263122826118129848
8455487339227672328
11193724803416714617
7942311709241346828
17091238488340871378
15950560618536472315
10760267003906768572
5198024254236445766
11018796406189944214
3664299773172441635
6571370641683979776
16259877569557535508
5669383491143462701
13806277742724776800
13954212468116341188
7638322171598603325
16357539863899367323
14636246019946923182
2227043595978205836
6048409439743475203
17073702046918381573
9326730956091899290
5089120678792296581
11258308565600519484
6469074304539646482
5566592546929562100
15310488545810248439
4375527381960157329
9594392703859870405
13049819384018756005
4500178022833630289
12907599673197484312
14029102351831945956
12752189501074867891
7246566999558966123
16512536744567080403
10125232179589919719
16476542428278717550
862373048099886135
1893046437931570261
7289844901331416586
4077432584249817227
4444531920739482983
12653813606271639927
12106839685346190320
8936948788570726450
9394053021217634619
4601885687276596238
10388966695057178414
323549570654919160
10277918836997009513
3737969030571580887
11662249696389961466
14614487411844524456
5544776158971096254
2156424390185036169
4302428289974726387
6974121658646564692
15998310654504516163
37641554397375474
9056933615922673314
3194115812942225218
3296598370136126637
3340038767134867240
2396872042338758383
18198748314964048854
16678339022505809890
15552936012466198163
7196356912083814178
18333801100386226021
3934136887782742882
2016330514803549307
11798205694670972157
16205744713057462892
14083111438151711005
6103319523043454895
15746781276346364437
8724104173788910122
4746842862733965145
1787655451457237295
6729814516757372362
10084208281779001580
15243155622320464932
11883614533993192501
5324701640504302641
9898241289879456892
14487036168028964927
12520791075199004084
2081293833589659040
17804808820512578079
16829913389651544503
8246227917712234823
277425763903378003
12446871183386236252
8093400621117831457
12598211572735255491
8344113748241253452
17443682784540671874
2776726332832659435
9961853061090252560
15849781824766400654
6281376148364768372
8544575483042782671
12268288587248837246
9247852457184187818
5426251606820805440
9714493932415748752
2486220871324651546
12219347191896480921
1213270437470368028
8207550798816651848
17615310267337676219
14873567124064718821
3537171360893602334
13567906300124773598
11952875173743797853
1091416253748425695
14395921141170393878
17156732566006800714
10522836166938089401
12885783282785629586
7418687368518799519
10933197308386323766
6254885532036547805
12000983687675131264
4236679858368113543
3468927473859245286
1643503607425546618
17395123437850476925
725625301276808860
15628715460730844528
7109717897197863681
16587759280532587253
13454858138059535810
9557667905245651702
1439243182553686801
8040891501444518864
14967202777621096833
1526237403716134486
531604068410212952
7733306730093803391
9794346128140071088
6394290709823683788
12061015967188435964
4620098679154474441
4921956693254325773
13516141532339180198
12339480911587545482
5031838059227248696
2577029520237830495
6681012537035392469
15898211523970515647
7819128546480040506
868455454630037007
4178611135666853978
464528184234014302
2825891923522319268
13134440552614612375
14336833895394209414
18377672134803654360
1710927063579518420
2343578386717936944
3767639051031717283
1444437158020842217
6793458818667334287
10622595245798057457
15671189748561272628
17511971964051130479
3979414954171044951
2603241701896889206
11728667973334284843
6489216301008673638
2710882822467715353
14187282417717805335
13714887822202842264
9818999667887644890
16995182471057727082
5378443840163195083
15396539388928278607
3030907545528338514
10844373676081242692
4805292419557676891
1313634306702895546
17322719510915445873
8919310188520524041
16082870088023280542
9470073814054585611
7881051892825720693
13367117698086653411
18089034574784592390
12790798212244868484
5731183893783228808
1863425728191478560
7061608044861927977
13885977555942868942
15015683387956399304
9221839239983133100
14229926160064834473
7443052427618412477
13678088027288673963
15110401100667230529
6880520389486594931
17669313557533187920
2995206232838246876
11406592323781129117
100396156474235461
1271703840975237354
15152439386717585539
15450354612096378773
431418244442201582
2897060362914012308
5975955513038089805
17889099526598014584
3387447062614417376
16784684147088449717
3109585205716878247
14807621005031843281
13214603238233886259
13275393568501277901
7575664745808249081
8799960542542137817
11361558741858723684
17780442605269469228
11496336555822546536
1031487290375404543
16887532020047405134
14730655572978121825
