5885845347612796126
14959400679446211475
1821285868553408513
17986267260384373001
16630051727964889237
5570403076871455418
5484428835545770384
10951931419104820418
4707526754110030112
2358027570931647015
15602142993710917906
17639259254361214941
9481344344838119472
15368934418928390445
8861027535255872742
8550583341265691647
1331165070015021378
6730192492202581479
13550145536948614473
3716322606445579834
4860239868044225765
10659858077690385978
18000364238523151170
314037190624953341
1978266334293863150
10689513676803554280
6285314915580004824
3853001195404660203
3205847474208509254
5633894932614318462
15363114099586637490
13611791226549988121
288120297700986587
7648952112093217769
5844035987898075475
14231877039632871264
9491053763070104046
10882804581884493714
4652266421500994438
705922379153422730
3938818604146023107
17014430385700350231
7048050139469139034
15990263847444487182
4395596029322787380
5577900210399707666
14477490550944891239
7560456889825335055
13542373886124980792
8850107238033810365
17555531915054608634
11542918465944731776
5767781269732670567
11378705019520445770
14651214134041321526
16712238727785702468
1877496372173707147
18371821671713189147
2721381878403011179
6724491665543739605
993626342920084542
18093473501538195678
5232123077103303015
9917906694067594727
7595573505290984411
10584640772893588742
6580258215076669249
10408808274637320821
2151368025821255013
16607622986798271842
17141330144282887824
1379714416715205851
2589255961727476392
3079280717887254880
9594854217403233272
13197670854846088437
8375368731593191962
14326130975125595978
9239879759251610712
7443115583578479867
905581786490054918
17757763619483446952
11891151327473619514
10192143165475417667
1347637069916708738
8480269932772718856
7624307101003145346
3625511685860058638
9795257632548405846
2181398385736972749
8756621034433218659
13214685745090842586
9545376931206477499
3950777691906305418
6966043733626627888
3754000727825820972
12987271267753097438
11536001225548844425
3297977680516980553
7583946632907426018
16819429114933818926
14564767518975220712
14308190090606245289
15780832911070839364
3206795077193075190
11613041309041184058
11878124890426472204
9042858710583190090
9333400557282411622
10699422777298529260
2869996421579390231
10406270643295615306
13457716826321262832
10789535019756367627
9896981107007263547
10590951377128900609
9177091514077923964
3773247880342301209
16670705241303527905
6524614896488039099
3307458197299556907
9701163997036399288
9875226235686181329
3743164429772187097
14041105917400686028
547081719956846134
6372005407709250506
15318610255996253260
8990793642758243806
18355563416193248768
2913210937601672002
11520147474562213418
10890428130823660008
8983281226522786322
11086014182217513452
5643004179109769524
13981679582382030481
3042647075584500634
6564300172869486378
7054950441649325534
6562842794903955605
18185638550761012687
279192888081673489
2064615399716720689
14962119624989492990
6629011837077729443
11003926901867836521
274670533532178385
17821147512683000871
3336388380246152107
2728301303165264347
13709732670454500336
10539279878156698297
13977644069113038547
8681380839763421454
3963915163651179831
14836567347726513609
16081281546543917728
930968896073206565
4647736992052296108
13426391378154283171
13549585568371720945
8087999136615537479
14051442256057596255
8617826420538503641
15399716391550196740
5149048794258250027
14499573259700733011
2006751617901318266
11665150661602101420
17991281978398767287
129795272658808365
18263759452449005468
15586397187130479481
9290849889817060896
217331127269409372
11429968432124887390
2222916111097347816
11924557143403276888
16103418910920339466
16912695751795368016
3218763057728418078
8847274811164458006
5875349783312586494
10908608416424169436
3185428605832458290
3758526436151857891
12015340307622531271
8368420209274711833
7787255116847330609
17271049598850323641
10318159797260391596
7036792213356626579
7124966005889614687
6750171765349642341
4029589076617414886
3723445787743570429
4435431105289511613
15999349923882928058
18308058442377881980
1946790823715869168
329786393212598063
1742320906949460905
18242577374807403053
4817355060928095509
4702142759745494640
8889322842121872042
4857746379485117212
6765361895360726957
12953358014829891027
9825318221061415379
10893775971638528575
5226465838081419509
10265030151644837965
4807316731262799386
1535217122951652474
8198572827687693916
15436847703074467491
5130370738796451618
6706325440175669766
10606829859179603118
6902854645053054935
3338033252596673033
12569748037931216969
12560763529274552339
2590968011053342976
15472123266857235414
1651563940858818238
4717922146024295113
7310334313319355657
5577520338018820678
13794233660403811405
10956755639619881917
17684884805484266213
163340816804264722
2384195677266546360
8805498479114903675
12891719191836071980
16418558150850615741
338072452280658062
15163034999701140529
18321526905933976604
7624469390937156878
10810833476697310127
9720147632350680429
4558468976327920295
6228139756253773658
3764028251946468919
998269435074949869
15996500250782703313
10466548423436883560
3405040761191183329
18047680019909066377
8380988197992356234
3103441445851454650
