4033736784
1375338969
2189344888
1694020593
128756813
1590176903
3371393549
3205555351
1416837861
1559117813
2874551866
194704753
3512202881
1475815366
527444741
2499993007
3992603015
3977281030
2493266812
2242792335
2089847384
87294509
366288294
3911657110
2571277350
3597210114
4163014676
2573100814
2497959630
2968813843
3716548822
3230925768
2619352826
1030373939
248700140
1473586593
2018789698
1515904836
1613076673
3248433651
4231856913
2952901716
739827686
1142978211
3679479168
2112186826
660146364
1912252857
2984279054
2005699511
875746920
1851077628
2236686811
3001740378
1334843143
3502911660
1632956213
1627260590
2999916267
2319109621
3351538093
3483622658
2286956304
2832517637
2622024898
1255756005
4199479264
2446524006
1645436303
2895190513
1027749023
629535134
341816710
3298179299
2813840159
2110055806
1606927418
3414230143
882132983
2170655184
3887191295
3624108510
3083382421
2821621754
4190368460
23480533
775654626
4010819033
2183191578
1714769115
302683270
1094122916
3573221165
1884942409
810930271
452220520
4016389807
3146653464
2320861496
1713624088
772257374
2036213520
2174786990
3624201254
2584014
2319920779
2195419670
1082439936
4057528656
4057078866
3147891299
1148968177
2652556864
3659157781
526122225
614268789
900449979
504325188
3436961531
4154322354
760164882
3622597971
4032664091
459653814
109905123
3891159514
1861980467
3517950840
1478636925
190969429
3736669371
1495983307
3941874912
420406954
3127210959
483964493
176550461
1731383553
4246123956
2713187625
1795428077
119004297
3998631143
3307596662
2664328396
1920811117
816347427
2370172472
3691096673
560676097
640945333
1244376337
1410021157
3219001049
3533633526
1008059545
561500010
844513325
1052345201
4105626839
3611725936
2423507789
7688838
3629543979
3712828012
2853407329
1466688196
4264202103
2606598
990431477
3276599741
1264888045
1099843922
3963812375
1361890540
762450005
581336805
2517839608
2543833002
862346559
428970581
4250421737
209945737
2204495431
3737337809
1278881445
1730711426
119000895
1444355088
1810695198
3935554110
841222534
2963398621
225516368
351403545
2695908434
2482195441
370538109
4279327071
2239875597
1395595091
68343035
3444815580
1096021065
4051983016
4095055349
597569270
2212488564
4058977414
2564818245
1716661188
2213614010
3048047991
560840056
964030761
3094531524
312392811
2585709093
582854466
468055631
344765227
1694755566
1785714028
3346620342
1278845369
3450145880
2863081909
33975471
4000438158
552995285
2949294283
4063777657
764922009
2727158871
2724985598
1996812325
1471184205
534015879
2735981645
3736308667
3144512382
687694400
274155270
982891303
441205804
670066032
2752906434
1085415463
440309021
771850583
3231263759
1670603463
1768386883
621577050
519110845
