3433971201
2634231479
375270364
4081678902
2057023723
1362118089
195988035
2735380241
1752328558
744873907
550746678
4159247498
3887965400
2493372297
677574696
3316679206
2417185537
3955155326
3503216333
4178887519
3767840449
674606690
2239328151
471462706
381704480
1136941727
563067670
31649995
1113214675
3413231382
3826244819
785374667
3215062071
3600450705
3301697933
1458849801
507682311
221034429
1654727726
2639128960
353331974
454288893
3371120230
2880496772
671847453
2273621472
4254665470
1389409822
863003109
1835654945
3423494947
879237160
2798629340
3934999341
3549751582
2132952000
3297107139
4060437895
2945649542
2507698996
456422101
2013615707
2658303100
1267497745
2390337220
840806212
939969966
4290603544
3205916449
3358349365
64387138
178993760
1980989978
2958125107
2097160827
3104003138
227696797
831497716
1763679237
1254100305
2975704325
366565066
907668440
3692815847
3815698933
1847959354
4075121217
2889693835
2335802672
3774361399
1665049041
3109300213
4086068713
638746494
2034725861
1261744628
2021365758
1118583198
307960897
826545370
1559454642
1806480713
2309103838
1413304484
3025668125
3485484528
439164961
3846863431
945390718
1559994846
2427572645
2652825799
1759738386
3286432082
134226311
130460200
3362947582
1179042157
1275242248
2145826724
3179367647
3233380022
574226733
2927981762
713085680
3578724084
2559300595
1187023782
4181372885
2124036875
2342079243
1363398056
347502291
1765320855
2747083403
4094147146
1141432303
403282779
3909897174
2216602548
3958963621
3734302971
3412745125
4235322282
2376496467
4193454726
1500601956
4154082367
2632109927
2495811600
2873595023
1537532424
3540130139
81780852
4096694736
3168511120
1984894065
3420540546
2599320835
2562138970
581157337
839198932
3823936736
2023515788
1989701583
1538988903
1668699740
3036579276
865066456
3921482934
1271801533
491969976
4284788859
2570743384
3492209887
1644529693
823387280
804898678
3124687918
1744464281
1064911308
1040616161
1791654232
385770997
2456006559
1813995236
2069503380
2664747724
1842902124
2618992705
3374108159
2620723751
1415036660
2362614701
3277081837
3352316307
3060129968
479516182
2095872650
204295976
4273478176
3400524084
164743765
2545366794
2741186133
1459035019
1817000979
2739993702
2495416189
3227333056
636807575
456237761
3865395346
4051682423
1729480631
1696018482
593900880
1048080991
2314001141
4205802508
3366613030
1510078138
3158934705
2948292210
1268061631
2402023606
2841010598
3694374910
2730478281
2426935162
2469104077
2368847058
880541984
3174178740
2991395507
2966604499
1795783865
3783481474
580814223
805559065
2832350366
1721365636
1135461084
1264836325
1949242078
3723644621
3335553398
3787094303
2693020916
3657075620
3103713668
1790027233
2026377041
2057660699
4099970523
