437506747
23059422
2942581431
4040949581
4198574038
780768955
4024995242
35663284
3849459472
3255878885
2891481374
676217717
194474684
440772657
2944083931
570794713
3334946223
349034577
3073314538
281726232
466177616
844196551
4013929974
2831225681
2542729609
3882552907
1981923657
1502711153
170617929
1023756027
3544675547
4032455473
491397599
1415832124
3626747451
3005528064
2507752459
3371528546
579051495
2714441635
3104817086
2445980628
4113267747
1319479257
2166934999
1605623847
1990232680
2990119590
1119738559
3556358625
3347681297
394733244
1207388825
2660014395
342759237
1168407802
3217243585
1114974153
1241924651
1271639816
3064924997
2905035222
1548783637
2718735374
1941067921
2235384805
828595841
1136088045
267332047
2262043542
2409541414
375174210
3466933706
3391464707
3442470386
1496648770
2275173998
3601574248
3881168446
2095245758
1333562271
3252794940
3932627263
674895322
3850184388
4113355889
2611058135
1727617496
2323933208
1234319791
3690565545
1809208874
3086677004
649714759
698546377
3541316569
2711058947
846880659
1466289468
2187765523
1036055663
1048264683
1367961942
1216498112
1719626449
2128408194
3019474398
1076585515
3016400954
687462333
1449588684
172963020
700646172
1681984712
1643365470
1251320369
1612031625
2239868994
3841153622
3519597343
324111048
1656998850
1286952947
2724075940
4244067763
3407823416
3516431628
477138018
2949425105
704412110
4202130471
4020779758
951054148
2525776868
2447713965
1742649700
3750039431
562381995
481972140
792895905
707589693
3712217265
1294395421
2729241889
2651866598
2858775708
1514443617
870066868
587321936
2407160580
2281970855
2846073664
2780805754
1195082199
3124537234
2974628185
1781638845
2764510800
2879351086
2526969407
691029033
1873108570
2550953203
3687301681
266017753
2728894240
3897988410
3927251293
329432430
4052854208
2228988856
1441379745
4235968927
1170115810
1692042370
384940198
460203561
390262496
2045356018
4233444885
3801396395
1161942933
1453085326
3052363221
2143145184
2254285363
1407592107
3505945379
877878310
902418906
2364517481
2094735251
489202458
2413775557
276580674
849489742
1278409648
1814859660
2657398197
4243293366
1036484723
4207319432
3912428377
184838355
1933228767
1357299167
2139232082
394543395
2868936535
1961716815
665422189
3927258545
3757590180
702286096
2924510727
2913777297
583769382
4216321633
3502686000
1109294678
2651938621
3853688098
63443000
2010580798
23349269
4224378621
3915139900
3748158210
2706368351
105412167
2191120885
1216992064
1995190932
2937085923
315947458
2612287743
400356148
87668789
3425365024
493665810
2388499515
1750098492
1880102737
3035366373
2496301263
592898971
2166667496
1610529017
134721172
368719139
153428268
1004754815
96262359
15418509
2377306793
