1730787103
594435846
340222251
2867129996
1034560465
2746080022
2653792596
2023202027
2057015212
1160193444
1339679761
3661248900
386990594
2121626547
2904108012
46566085
3748059189
1154300523
3781077603
1253653663
3609536341
4243194561
3055047478
500853964
2866647100
3825802639
2483112338
662386918
1041970422
3771359441
1404397918
403239629
95536195
3185065651
2740746647
2789461213
96228435
1613504916
461364189
1563107050
1580362558
11422206
3643233805
2643467856
1135906449
3950087826
3044255511
2117415956
4011858927
3649985145
2100381048
4010460085
218226931
3164234870
2474881263
1221236595
2507498307
3513135063
300118581
4115387687
4293968208
843920503
2340433407
119249478
415136407
1100223828
2918282892
1268871851
1774804014
3523615801
2853324919
3977862449
3738692739
1661339628
731987791
1118644896
987239573
1431845803
4272024873
1593612296
4114206094
1788606541
3658110191
3569362237
1437637631
3868146953
427445775
595264798
1254958978
3745394480
908283467
2052883647
3175585877
2266663951
2609596850
2447987589
4012212243
2613065760
784920616
3636308673
3038300861
2438258171
3316072243
1399015869
4289816707
3991853592
2016384216
235746657
781900818
3252850259
360571027
753200652
1160066839
1211857905
1406909100
1934457335
1943557464
1727797622
3809835679
2885687510
2588856687
3720461219
2779270144
2336360064
4006708069
818375682
2939170381
3263990836
3335103165
813000778
910102030
2446151724
843208068
632734398
596013630
4066929062
4048414590
590261894
2376090976
2647540649
1101339066
239256599
1066632631
508892069
3781429513
794547604
774100722
2829447283
3314421417
3597608840
1918795646
3745515234
2656401914
2309337841
3005584984
3499331572
4060770745
1287503847
86415560
76618814
3519216090
58270180
749601312
2014058986
863949191
4224654615
1225169694
1140422435
2465230519
1742970510
4201801315
3808671957
1319968838
1109226328
1073208247
463086467
1607548388
245033468
1395356686
2838265896
397744174
2666654719
933361370
4083241602
1440057761
2609776761
2334400149
3894519290
2642353786
2584925747
3441413882
2256189671
1678319949
2345391976
2087210098
34991523
3159338986
2018471638
396012740
2269673998
2080566941
1161126242
3027626571
3092285434
2304211313
2667040967
1447226045
2778624725
2691510622
1509978881
715156148
1577215145
2317145089
874850020
4091689942
1290781480
1936697450
975542799
1556611519
3732890349
3437012920
835376624
2185834698
1848472082
620058819
3936741474
545916947
2223359950
1245380786
2574883137
3617656515
3650299880
976193339
3577276267
2865168456
2588008197
977517365
3936284578
89019237
2164184602
4259420006
966181836
3333396451
3396260031
2378872641
3035524638
4286057539
1918275009
1893247112
2422030124
3098110222
3912914830
3026773947
1900193268
883974000
