6731087336921105952
13147636801679799415
15488241227782907155
6545218766495246653
17153795573443722668
13102121113643688490
5228386648021612473
16354623046975730086
9882428623040961581
14019923393515555033
9487309628669674655
13617144784082634379
17603831420003331199
13180008962869556345
11699325416173955760
8299402137413909025
10313391221523805896
16386073625656566425
10502611200704525203
11994120771714358785
12301238129024196426
10703442413420084769
6100977662238911453
11983862257893748752
16426765560121425086
16228251896356207825
133947595250900197
2615976675642785371
15253447228959795028
15049956028087912827
4528881080861557246
9392831249492593630
3383680008220257583
11703856172941595149
2332220214376535858
14019072201970941411
10671551684893984541
18221763555819232065
14518405940782985110
5838367029457649743
4131967364860793368
7590663956482236494
279159645800195292
3317377954265404578
15727689072391840340
16037078047902629558
922197947695738584
6996860688198670276
6457332172470341269
16387335093146724792
11255067635015309516
13461080446822098633
14918435289247567473
3222049878825781907
5627640535235653679
17235314085279112279
15526548005863217850
7974403647951769474
5336254318405304359
11162092423508163777
9820154657437054731
2335028043429942694
5928864938930343572
6689936456588533817
13427957874957267363
7894461324688791631
17661546021937008065
7810580481701442429
6120633730883782212
8706869397661471674
986879725451579799
6080510685755967166
16815080779131024280
5391120947345963295
7862065791184656697
14354603507146712750
6743284231755439173
8524215101222297434
16505117599299231521
7132089555233817822
9806447159815810101
12694050248955139273
10819929756867481442
9341794199630426543
11706136922213644310
14225260526716577458
9211070553716006768
1908215091205538271
18045258744580637798
1256277009248404843
13759777405691529399
17440689649097420997
4298294636525389077
587754126368878936
7233592235074182018
9127883652470946208
10821113237949131472
8275082462267733581
1878174604945117544
1090296013789224416
17771173455285523962
12093370358984004791
13367738571150759562
6726147972465453573
6575601535518738304
10520663214485128007
5936422930811353118
3739322363541293132
8536658112053449163
14492959290582816905
18111070456259625568
6390976542618871630
4691753625372153860
15130419732097770822
17714771525687509288
2611661201479108844
12725128836519094445
10453623513627925248
17710784481467769300
17380031039937716752
3180291631581642888
8653050262860967839
2279918955708546084
14431934909287211217
4106571259120295251
16060633403532869518
866015040298777756
6179584815215363049
8806219556430277344
11607525943635779385
1324894004514804927
16152014573092883774
1333644575152461938
17498953336890643348
10553976123298310169
192292005859562734
5329969365602451507
3373114926350601165
6413209793961076283
10686214109748350534
7937880496130699304
10258924608434427493
7578737118338512812
2680535281743735031
4762177844441168136
8194500193949517111
11786972317669011520
5731911601231313479
12479179712693942143
8807195453799047825
3213619302390641992
14365858671676466383
14037504660424262964
9586167081711243126
14426148625933346821
11777664510968217152
15845310537483044931
16968587352831675907
4313893676598917517
3350163813423576983
17917320548759389640
11833276711862890977
2736277372739659529
12262662187070498751
17823222009143000643
11627297372129322574
1375673736197074772
9492242189564823446
16424317188739269485
13022172252646439121
4201879364813017920
13653397279143788495
11125801528768639831
6734015317817191253
7128115332422006982
1727009142701888395
9193068859755989058
13562017177429335072
15872861316522169790
11065448000447000178
8938788783737320728
3409682757776907172
15026206172888387858
169805856277777473
342636271866365002
13823193180943555091
16459259405574935761
11562242416456293310
1728828227265284701
14402082252218039561
5984567607181126296
1910468485500587883
11257440157148506516
17592555184050433725
8834279655686609700
15332408506877210948
7125522643180916557
14629784467334318116
1472122243564529106
14044112359217324762
3464400891744334753
16203162043703138158
7361745424186924981
4780167922754469095
2378779798530513908
2115940074676438612
683829717168060645
13032659722963578106
9548598656010814046
1488292200714769034
15849203476951495104
9225609530220270198
2886876665559996069
10129038257293492647
12818797168079741196
7068801596021352130
6743434782427728330
3460183265480966732
4433315133776123610
6152551657172369361
14428976444763023777
5177088475457296756
5588332666395378167
16600459944232626849
6261847667797374265
10881323771488064047
8328269199685305161
12791028660257191614
11243538533524816625
10148716000769514182
2462406026030636076
18039860506050574893
10616062743456571986
15480610435491040493
4567406774046394657
16689760306126113285
1312978289789378702
7818291205734352550
5867484138900703071
17120958328730683796
3660634205530739895
4371599989841030222
3989441785333431248
3359609728323790439
17703773848868850302
17133422425997444451
14206827239297335722
2217179017848116132
9250871842646473957
2626204502401112629
11745302985860158919
3996670185975791484
9034052445555647195
3013450537716072384
350183204096876597
