9496427556868754667
9465184030287144345
1952929577092297921
2626458553879142788
5390769769860636772
14229898074813608933
10645265395767261580
12211931205125031596
2332497969253372871
347746899506035450
6226085149851315622
10107016360627920379
13190056541923685601
1681458672806132734
14034936593331891019
7706532390361489167
16102137000431318496
3348417138431729671
12918913503123947833
15518080865135695505
10598144857944913128
17605333683084664827
16398627623613437377
442843489997574578
12961446950500838077
4852466638493635762
6829250220128004507
3050173748790089107
17710041377222582011
14597693600343566563
13319313786050016975
11557167299588344161
8659159521089481516
12161605957013325467
16311532162282626959
6210901381708043897
15247187956527353014
15631732858698688803
6890914347952880128
9928320269315312696
1455295384806397643
14233778936619038703
12023109398716664891
13596138709595881751
5067550423438502831
9675756037241896339
17093921805724767205
10727994125982509546
12949738643619266600
7348358556269336844
9376570359114145760
3308858172387428088
9522634041081385238
11682544236184842422
17489812638753879917
7145096786390978349
17630729500436224459
3218660190461562217
1287883646282251457
12832891546110160483
10459220035068657016
10254558024183101714
821736878419101113
15477130767563141127
9958136422517451474
13482850013592316513
3578177560841814412
4343582771939670647
314797511771202427
12654389525549721380
10295073022319979048
14013808087158717504
17042319305380113684
14353650449245379086
8665303966103342720
4623417466088905118
10238589557964577041
5711043454574847767
11656123366142026835
17507247455763397160
17494971995556036682
8924518848226123615
4765107261160279083
11743826113975879625
2555983532524454445
7619602369501045882
4505914970361642769
16425019680811843545
6210832966430837788
2629180666521357015
11495595555364685291
17241718685523593518
13017661304787187750
4626450821486250756
13193485403944668314
15882001467489976872
12668002128303590356
2111211796623059078
10978816225577193742
8545058618249659730
11967846008215354947
15475477882196909451
8793404264416082556
101983585072137774
10443550059026561253
14850434761030222249
11675312595984340716
17162486962793935170
16609194624711074620
14769912976508412629
14302201217767316994
11714799177841789813
5934527287352081202
7928888681745488407
2471924234684831082
3088343626997190814
9438222780607456389
16398381687227152556
17414595341278944274
8182601390471047381
12120317331739394369
11093051672628887603
1644398289937110582
3357286136129488674
10382365772407098242
13975064157305436618
14363459613518853091
16043076581232452810
14860109382536184401
12164646240415934253
14636144173707715908
6980987500560477701
3513564232715606688
17023501543693092310
3359592672095022375
3280080801076663981
5624758956830014902
11636091778869500952
14019498700779791907
3314104712673984251
2922907106980603906
4754281753702140850
3272847525673711411
10315452851877403123
1392114294960661257
11920961093398929314
8646752792547582576
7586942742214285494
12224909826610267229
4199573303006288786
14182251964547319193
15968271678391810373
1681788723283652077
6070116198004992098
6905025795021038599
4221978913604012490
1864223060315085954
10999802357140092957
18264100694651511069
14871465560092041918
15347755461171833454
15300337817203324389
15485785834510807927
14776306432496738312
9213869952492555238
16216747678279014730
9610495432402395814
9470776495219708759
5212420041718632775
10860457087429065780
1691501965224583497
10284959431269872117
9209419316027137193
8849883285074372550
255634685839528653
5711402676400954453
15250269979632349964
343479147780955140
5263238533129158163
6975302665181003709
3054074250091241409
14766560165255108561
2782643634428308537
16318955025764487452
5962364382411181359
7867552375585097160
3752649958084001889
5471823273191218685
14640406572349982205
2975002885330682229
12452564190414052727
11844294924971942015
15960269911923896283
974612196964059412
5686936065358489573
4100457291666269905
5455018369863892244
4970990510446587777
12287615492220272502
2684601284656193053
16666389638524499138
15048960000022473463
6211440091911823686
18382393187549411669
8528827800815891756
8221407454223620239
17315151551076494648
14390200615300957659
8756215648959360793
1686384204721309315
15609170089683957537
13140743482932240193
15891453664563482188
7269177810623544839
4751773711024566795
14879111056520742643
12958138638788697579
7738926902220409796
3462919622694313865
13425084451734089319
11367599869637188391
5295948975318373273
8112589089231858126
6179197216895152783
707197536627925286
17456565342554057050
12487938422955342388
8069173730147716102
16301159788759713022
15267085995233453240
16427741054374050141
14885466137383575458
17649582011875473140
5650618415008294740
4385625444687929965
17797509155249593106
11233008181933101572
9714069324806920669
3325004353743230007
16197018804096401924
3713663562054496610
12148760896138453200
12152363096963378964
13801620440202707857
10731209928665170569
7422031322118106584
7003571890944277971
15375893390723371709
3797720477468422924
13869524684901093905
14865361852677499946
17454831673854478234
1394527068104281266
10632301022197067862
5254937878808069865
