1112766349
2456751909
431557063
2280526654
2061466587
3888731826
1420859624
3604517707
1538633529
4168435648
685123838
1888262663
1203588169
2694359827
809302566
1619366914
1833111277
986448054
2660462769
1727004525
3522711812
482795233
3943419419
2892463474
2834002471
1156075681
541189830
783466177
1171876024
2574937864
3709988217
1556187916
353024210
1949535995
1748516540
3617639494
2337107350
3128746531
822156800
1087478548
1561456429
1300104032
2724643268
2787116093
453207963
2150188206
3851872908
4027022851
594415621
2977906074
1182955653
3361424700
733043218
2836582900
3333747447
2864375953
3039480517
3211911589
2634329169
4024588568
1988776676
2282260147
3385314155
2558625235
2228204519
3291774062
3688715319
2621101141
2207069706
198195339
3633298791
2681430391
2376688624
3198001202
1927067963
2534632462
2185183022
3390953976
1031843945
1486970327
1127945978
3312003496
42396862
3254233481
126414579
3019673428
269924931
1453730802
1398634146
2715885378
1662547117
4212883240
1605021423
3727408086
2952697826
2104333971
3450783522
3543125861
3456965474
2493867131
3654984957
1853123180
3410360605
4189466543
207991317
372298282
232470361
1692807471
2610372042
4236073196
3697861668
3797244981
959634481
2422115452
2744797247
404630964
3897726368
3496270367
650463671
3425016135
755012179
449336668
4138170657
1578738627
3110044748
1797570434
1391900651
854333200
145021070
2816783476
2001133007
1290936958
95409578
1047681856
240388752
3161968666
3089636505
3790041372
1332783688
3035895227
3972943845
2881456670
3837312222
932554333
3670225887
1241469718
1463165258
3489290169
3071980946
339579039
2174725430
1740948701
2065839488
1628793735
2264478950
3282844026
2032550269
4070823580
881096048
867648257
265650933
2387604930
894542582
2441339665
3574518736
1767401857
325723734
1790853720
2321610623
788721840
2912877772
3264529404
910228937
3980903949
2969244326
4293104010
394786872
3916996959
1106052565
306758335
1242507834
2088322575
1273632858
560789086
1932620708
3860090263
3535826566
26281688
1967285716
1000017200
1319282083
942998249
1659456143
1519117809
4206681908
165546095
624825431
168567670
1863793195
743168870
1826980121
70713623
1220226200
3055493338
3226951274
693151947
4150345807
2923726930
107700804
4254914395
667609530
2413294705
608815369
1700924318
2473837835
3763079029
1900727779
533428742
2593033604
3814961544
2989308704
1359557161
486901710
517999816
3941855660
4273204137
2026760125
1494261419
586225985
4113451891
2244108112
291246556
2762732445
3145079365
3570675946
1441824899
64137109
2308546030
5938324
2351705677
712750712
4002586592
2119590069
4052779943
2508793297
2527612467
1342579917
3747201273
1068337625
3342411620
1011796012
4095999592
3173514239
4092977230
2147302497
