10974305847657645552
10394375208157806635
9914074042273561974
15289830566630964233
4636744364110623044
14816276441646087887
17674971121298908314
11686894054306238285
6959113426082028824
1307549267131850579
17908358543595762846
12556114758518951089
2418485914397052812
3079133302893962615
10704596222960133026
14666665323337634485
13731582128101701184
10298250965930598203
11094860778033392902
9497055135546645337
10482981723288634260
18367023908152197983
15749310139693894506
6279344519573839197
6286548401593730984
6677134305241055843
8131480930093060654
6848893558183103873
13618984099894679004
3789443207464289735
9179730906974211058
6592064136306511493
14059468009832025424
6627524100260361611
10727611738283697494
2261609823216847849
10115593675450178724
1771914243896815151
1554827105148185082
5855421102086343725
14507149059218863480
4594116443713117747
16848779441102145406
5190895664597785745
2495630502558350444
9658786821079364311
5692622725727132802
3202916615071973269
17746928619898192160
3353740935533353499
1125147619746572646
1050269875335299513
17870444444225473524
7634635469942190271
6924860912978598730
4409400921818301373
5089633657486928264
16828633800510304835
9966602359483141902
1555210209233726689
11006045341008442684
14385079743061092903
8184532833693262674
2019355740189691749
3945041871583272496
1911703045407987563
7380568972844475318
4464866637771796297
17239051918286928516
17758730563299643919
9128044724768810970
17802659711995146637
6565471324973608024
6668562872887621267
7138333733783496158
13365231909582551793
14830989303777992652
7159243488017035703
8710051175125195490
10817010901271582709
9806849207343813248
5566621003966139515
18244781465046892102
6359561676371198361
17929393584330341076
8949092651612564383
12450006734444519338
2725923290305102237
16622855110733563368
14659526753074977187
13654913411906567534
6197206759834911425
10568643710765429276
5016159270369980167
14122732296868565554
9234867407418265541
4321656957353495440
3188576122618315979
16765843569074641046
10762353825320558121
3366065066109210852
6078499299892658543
8166933894966053690
11136620155221502061
3302237289496186808
2719667998044435571
5712414705919594686
7398769966282897617
848347462718491052
18384999189740724503
14057080133011232706
3652709942106259669
15993387931999789152
12301273812799231323
2272571484074085286
16169804446974793721
1481253947570698804
809636906120886271
2849635233850588554
7410769839244873213
8525213135151273160
9294268268286681987
11686694450739834190
1490301545889438241
994408032220767612
5596013066607004519
3567869882157964690
12632047385288655269
2454840856315299696
9798019022788941227
1456411627611733238
5973793605157462921
12911724896232282820
13220727178164425807
5797279382654460442
9385540186928370893
10554842496962633368
7025401758560145619
14485727931655725086
1471548406813767729
9950031946309476620
7379860754983475959
2857792251127673634
12822980337801533493
14381714837095050176
5136758094209763003
15297422254035111558
13357991978096357593
5982516351982722324
16008527963509936863
13198238059168147690
3976819772179147485
3381436072951315240
13389455400139304931
11761005397558347182
12054767353716057857
17152323122940401500
7517870130239665991
7157294237230896498
18239336927692300805
3253057950704914128
8980141749444591371
1454312178474305238
10819688788768147305
9329670339493363236
16157264131524891055
12204888999932376442
9597669679160438189
8731801846210312440
17194178848337189299
14516877409062287614
799157749182389265
16061884710933829612
7510911751150096983
1671532199994087426
6473110011312537877
4848953205267828384
964377501139985307
10935845831042253542
63721781604811065
17722034079555089268
11469161641698149951
22233253419083466
10575256246286925629
2462003633832566024
6682691084494308803
18419986588769387662
8015345732037632609
2173342613426148028
15272018199984675239
6305411637509447890
394848357898516709
16727972624784220592
2781826478569899243
13136250704118675254
2436170027182954697
15915715294604068356
225590609681181583
8453379393659302746
872187036831934733
5049902210167657432
7103722662453398035
5206728762990494046
6506866866115864689
17635980155853669708
10765338980219644215
7605011015115652706
8758352996307909493
918164756999346176
3994075743088279035
11995406637357005766
12814690666053854489
3624970651622887508
16501290371317238559
5836717957190321962
16808865766395671325
16235170714548178280
13053317806053942563
8103483336572479726
2222056725218470465
16332286079739798940
7512284846738879623
5536096222931869106
12977726910127924037
12145969673750135568
4495863656945626187
9479409285355104278
17311428903662045097
11674987103209118820
10975408443780395759
9835829896373397178
5322480686954817005
13346364268450198840
2918782190139921907
10398496089494480446
3659544394849615441
8958096340570988332
7453940555589642903
16406151598011035970
18263790413346585173
8003315200334184416
5799345851894443739
16246129046935280422
13325904324184166265
788402789049107380
325495254407949695
13160087230154754314
6795426405330425213
3076273524537851464
7377280670131187971
9607047706314736846
15012468832011960737
2267168521597898492
215094895897895143
2556089662897030930
