66397573857272320
66397320454201856
66397582447206912
66397569562305024
66397556677403136
66397578152239616
66397565267337728
66397552382435840
66397539497533952
66397560972370432
66397548087468544
66397535202566656
66397522317664768
66397543792501248
66397530907599360
66397518022697472
66397505137795584
66397526612632064
66397513727730176
66397500842828288
66397487957926400
66397509432762880
66397496547860992
66397483662959104
66397470778057216
66397492252893696
66397479367991808
66397466483089920
66397453598188032
66397475073024512
66397462188122624
66397449303220736
66397436418318848
66397732771062272
66397445008253440
66397432123351552
66397419238449664
66397440713286144
66397427828384256
66397414943482368
66397402058580480
66397423533416960
66397410648515072
66397397763613184
66397384878711296
66397406353547776
66397393468645888
66397380583744000
66397367698842112
66397389173678592
66397376288776704
66397363403874816
66397350518972928
66397371993809408
66397359108907520
66397346224005632
66397333339103744
66397354813940224
66397341929038336
66397329044136448
66397316159234560
66397337634071040
66397324749169152
66397311864267264
66397848735179264
66397595332108800
66397857325113856
66397844440211968
66397831555310080
66397853030146560
66397840145244672
66397827260342784
66397814375440896
66397835850277376
66397822965375488
66397810080473600
66397797195571712
66397818670408192
66397805785506304
66397792900604416
66397780015702528
66397801490539008
66397788605637120
66397775720735232
66397762835833344
66397784310669824
66397771425767936
66397758540866048
66397745655964160
66397767130800640
66397754245898752
66397741360996864
66397728476094976
66397749950931456
66397737066029568
66397724181127680
66397711296225792
66398007648969216
66397719886160384
66397707001258496
66397694116356608
66397715591193088
66397702706291200
66397689821389312
66397676936487424
66397698411323904
66397685526422016
66397672641520128
66397659756618240
66397681231454720
66397668346552832
66397655461650944
66397642576749056
66397664051585536
66397651166683648
66397638281781760
66397625396879872
66397646871716352
66397633986814464
66397621101912576
66397608217010688
66397629691847168
66397616806945280
66397603922043392
66397591037141504
66397612511977984
66397599627076096
66397586742174208
66399223124713984
66398969721643520
66399231714648576
66399218829746688
66399205944844800
66399227419681280
66399214534779392
66399201649877504
66399188764975616
66399210239812096
66399197354910208
66399184470008320
66399171585106432
66399193059942912
66399180175041024
66399167290139136
66399154405237248
66399175880073728
66399162995171840
66399150110269952
66399137225368064
66399158700204544
66399145815302656
66399132930400768
66399120045498880
66399141520335360
66399128635433472
66399115750531584
66399102865629696
66399124340466176
66399111455564288
66399098570662400
66399085685760512
66399382038503936
66399094275695104
66399081390793216
66399068505891328
66399089980727808
66399077095825920
66399064210924032
66399051326022144
66399072800858624
66399059915956736
66399047031054848
66399034146152960
66399055620989440
66399042736087552
66399029851185664
66399016966283776
66399038441120256
66399025556218368
66399012671316480
66398999786414592
66399021261251072
66399008376349184
66398995491447296
66398982606545408
66399004081381888
66398991196480000
66398978311578112
66398965426676224
66398986901512704
66398974016610816
66398961131708928
66399498002620928
66399244599550464
66399506592555520
66399493707653632
66399480822751744
66399502297588224
66399489412686336
66399476527784448
66399463642882560
66399485117719040
66399472232817152
66399459347915264
66399446463013376
66399467937849856
66399455052947968
66399442168046080
66399429283144192
66399450757980672
66399437873078784
66399424988176896
66399412103275008
66399433578111488
66399420693209600
66399407808307712
66399394923405824
66399416398242304
66399403513340416
66399390628438528
66399377743536640
66399399218373120
66399386333471232
66399373448569344
66399360563667456
5658236528237312
66399369153602048
66399356268700160
66399343383798272
66399364858634752
66399351973732864
66399339088830976
66399326203929088
66399347678765568
66399334793863680
66399321908961792
66399309024059904
66399330498896384
66399317613994496
66399304729092608
66399291844190720
66399313319027200
66399300434125312
66399287549223424
66399274664321536
66399296139158016
66399283254256128
66399270369354240
66399257484452352
66399278959288832
66399266074386944
66399253189485056
66399240304583168
66399261779419648
66399248894517760
