2704250744
3192954674
2342413031
1236574514
2296419999
4116105805
904591609
1940590877
1099337387
2516071351
2910264511
166016576
1718182359
445279596
1040909563
1089239425
1835700682
2705112874
2617780311
3177040339
373715853
4144122515
293045584
3964813678
2935664040
3736723570
2883964683
2035925587
1509315478
919951544
619592928
4090018354
1342628863
2944659827
2502014481
85013777
3159871250
3057515357
573742725
3900180816
2174962982
1255531973
2011278195
695956025
612980628
273544282
3201129833
3456470526
2746232563
1918617416
2872879670
2854646309
4118067939
1657006521
1818757025
988374238
2498169436
628062722
2896667726
2796217436
2580144692
303067200
86671308
2872156542
1642075977
3863961065
1571898403
2550656158
387312047
1128973346
3172677312
3039322322
2260865556
918105705
1667708421
1893438966
308988705
2319931377
1160923359
1158903172
2763833866
3443095150
3892864130
3127478684
1170658102
1156182067
376364126
3064236554
3569829073
761964316
3918486240
216062237
3915818191
3864437253
449981222
2155493757
328169818
326763303
1784942056
514824815
2112113029
3661574336
3200606886
957097704
2696736778
3624684990
2473373795
2128230857
1212662359
1869960169
1879231834
1576903002
1985262903
4102099742
358574290
3846940610
2508077519
3499836276
84181557
3407494155
2605399108
2679842664
3237555661
2624860682
1253462064
2631659636
3318238386
950092263
2839888793
2068732399
419767885
3896710335
1684201242
2525921780
2526899663
3837084940
2477626447
3988372448
4170856714
2609130217
2281187683
728646979
249217339
2749663044
1947030952
3437966969
3624551590
2829116218
537909070
542307576
1509105917
3375038502
1572535640
2826427023
3772004805
86984083
1103931049
3698544617
1328078944
1152313210
3951930297
3546554357
2550022851
3033339366
2783623335
1503097063
2004689739
1463261160
1850500951
2357557470
2352606562
1793496330
2703536417
2141007490
2208533192
419895873
2382628960
3938348530
1966834313
4063230302
3981458815
704317017
1964388492
4102253376
2369906690
3635609898
699633398
3232798226
2771289182
3197450712
1798284734
1169403554
2969500062
3728624786
368526937
3424009132
1157177100
1401331579
905388549
3694875882
3120939429
2598352628
759798962
2234176446
2849150442
3032036787
1691821439
2576205584
2846340266
3969046139
4075040677
2039645981
4079506774
4050551666
1326637934
4070984053
2863637121
3987108135
1347493071
3801433710
3860056860
1412770459
2962095938
1621050987
1994787828
649789241
2057910243
827248956
4265796244
2387630992
2681449058
3130976758
2306016716
1406725
3800071248
2077567533
142453
1542347702
2230224700
3181081893
3854580738
4146130778
1437545172
1210415804
2935323795
907337780
3635102816
622005650
402746758
554464613
874311877
246464719
1305449593
2224682972
575774810
