1163879850
903802283
643724716
383647149
123569582
4158459311
3898381744
3638304177
3378226610
3118149043
2858071476
2597993909
2337916342
2077838775
1817761208
1557683641
1297606074
1037528507
777450940
517373373
257295806
4292185535
4032107968
3772030401
3511952834
3251875267
2991797700
2731720133
2471642566
2211564999
1951487432
1691409865
1431332298
1171254731
911177164
651099597
391022030
130944463
4165834192
3905756625
3645679058
3385601491
3125523924
2865446357
2605368790
2345291223
2085213656
1825136089
1565058522
1304980955
1044903388
784825821
524748254
264670687
4593120
4039482849
3779405282
3519327715
3259250148
2999172581
2739095014
2479017447
2218939880
1958862313
1698784746
1438707179
1178629612
918552045
658474478
398396911
138319344
4173209073
3913131506
3653053939
3392976372
3132898805
2872821238
2612743671
2352666104
2092588537
1832510970
1572433403
1312355836
1052278269
792200702
532123135
272045568
11968001
4046857730
3786780163
3526702596
3266625029
3006547462
2746469895
2486392328
2226314761
1966237194
1706159627
1446082060
1186004493
925926926
665849359
405771792
145694225
4180583954
3920506387
3660428820
3400351253
3140273686
2880196119
2620118552
2360040985
2099963418
1839885851
1579808284
1319730717
1059653150
799575583
539498016
279420449
19342882
4054232611
3794155044
3534077477
3273999910
3013922343
2753844776
2493767209
2233689642
1973612075
1713534508
1453456941
1193379374
933301807
673224240
413146673
153069106
4187958835
3927881268
3667803701
3407726134
3147648567
2887571000
2627493433
2367415866
2107338299
1847260732
1587183165
1327105598
1067028031
806950464
546872897
286795330
26717763
4061607492
3801529925
3541452358
3281374791
3021297224
2761219657
2501142090
2241064523
1980986956
1720909389
1460831822
1200754255
940676688
680599121
420521554
160443987
4195333716
3935256149
3675178582
3415101015
3155023448
2894945881
2634868314
2374790747
2114713180
1854635613
1594558046
1334480479
1074402912
814325345
554247778
294170211
34092644
4068982373
3808904806
3548827239
3288749672
3028672105
2768594538
2508516971
2248439404
1988361837
1728284270
1468206703
1208129136
948051569
687974002
427896435
167818868
4202708597
3942631030
3682553463
3422475896
3162398329
2902320762
2642243195
2382165628
2122088061
1862010494
1601932927
1341855360
1081777793
821700226
561622659
301545092
41467525
4076357254
3816279687
3556202120
3296124553
3036046986
2775969419
2515891852
2255814285
1995736718
1735659151
1475581584
1215504017
955426450
695348883
435271316
175193749
4210083478
3950005911
3689928344
3429850777
3169773210
2909695643
2649618076
2389540509
2129462942
1869385375
1609307808
1349230241
1089152674
829075107
568997540
308919973
48842406
4083732135
3823654568
