18309967622751446613
15377910529465348138
2335243734737768858
15095356316119417084
16999676622793345476
10250075308618567700
16123770725809564612
5813121097648753449
11107184826644328209
16382051305308930425
12122359676345836510
1636091349235452100
16357748200179452892
13596243192741592968
17777126447900792467
4633134203546984162
11130900157759713846
6073002129496517590
5761183784382663408
17566308477776231665
12966709324075265829
18162263879651696737
8885406346494858327
18266665803802504291
14189344224030059133
3088101517434732185
14213647198325281647
1842836026177103050
11155724818040369539
5463175192187248899
15917258552573797016
7283329788040198519
5717501763336832193
6675641615526245962
16114562182497781180
15438724993686835490
3349704882601871243
9289563454932968793
1040062373929776172
16173617437570783915
7489300792106221578
4592328359702524091
5312960679564076797
1122216442274733638
6225230208192888581
15838884168559865155
11613444380096429769
6790374180108073594
652596209965387935
13645313826551229350
16779312049043729210
1862696119037860621
9707252348371748870
3278287408393666439
4462601070298350016
5218755454462580652
13831634789259131722
16447806488338728754
10923668932678028117
11084995639172411074
4539985775918947216
13414196671752292422
1533823533659269762
10656875975196486764
2590186962090064770
17111801557443523293
17052086827186633385
12630828818391837113
4191125852249683396
15150132309766680296
13885671242927704740
12450477927857327025
3537925202072024875
2298848600602818492
4832700316748311124
5043819525029846236
10052775164007179177
5655606987609354711
2457349640048641392
10998199092790825119
11371902560234697023
1515211097499241200
6293551978598687254
7965019175012083949
10679014983119701149
2339220959313550366
8555755978730663245
18067377137708068653
15232315141244567513
313015489944991126
13428312109313089968
11895104435309798260
4302863199828217692
13990730185891644041
15138707854571373498
3030506883689470782
1092663721012248831
17605711647092195508
6709835221561765061
18168033562087574655
7314048822368763066
6578863910058803538
2203261281823748281
18047230639263667220
9098096043950081145
14732957694523294501
9840594731722180743
1084404257518104247
15929502021272462486
10039416196158051707
2639249193780250210
8215636884412966787
4691288988411925387
9522796282886447631
3297375905885588184
5786012096072726186
6294352727528949597
8873136366765606047
2084952369668842806
11276822871232273038
693219038562363873
17662067311287777414
13548578061677670949
11727652848641010057
12430729724256742706
17284701888909591883
6549249287598195826
633077339024589280
11594051110811250108
3154703471095011216
9574236279302889606
9849376309023321751
14268827802208010074
16311198130271796965
1012217963153124184
5103023782137080468
8698624972772189390
15845278761882846231
2839162586760251608
4674857362650258666
10610430920098776961
17550928886991858501
17548961299622621509
12185140641970657862
6282705153702562189
2259279784535868997
8402372263026361294
16868006672463976017
1998243882225012827
10767145236524670130
5538782561466897093
2617255403034927020
4541331726859169777
14174637111982018957
4158833967277661671
12255151310586457608
9097230878554498564
13815858848610846165
5920477637955609302
9402352840868010865
7463000242838920944
13215154073263663846
8440122529025632718
14881334357412362189
14258783740824768936
16785744666792655841
14284763347434628050
7391177032950113907
11774894221418409162
7424881242373446691
15862783235414787620
4241036319106394859
717241438191423508
3140775569855004829
4588872243234674545
9949649555165416614
11455674155455667723
17550725180793767249
1591541493868372107
8071740401603429406
17818032542385923266
11457420053329931269
9188401419562366806
10892052005931595452
10616361835888705043
7845870265182243693
3813708019918219049
7872862308749475727
9045176741394638124
14052678817104414345
14323736309976623056
8884989227628728545
16112727025913263800
9595060169808612591
10978751402847100259
8518693587226190222
13271156633230709830
2926863850698377890
9101822306890196350
15149461351559281582
15466101168722006616
11680657211708361132
13995232803682235229
7644976522400076610
12787002042348273229
12386671934898123176
3438415591397288188
1764642352256127176
2405863479476412911
6310685895034179285
1198307839148132282
2245390908557679483
17565815392768070023
15740182369216728359
11098458810434020837
3573203708152923681
9137432564126145480
6961492385622150187
6110491503634588417
16423508933042715643
16168125551889997559
18408318146550963292
14250810338879941720
16725642665002529643
9602498496170702130
347168803551198451
6514880246431051898
17944290867016857735
13503890170281067899
13955439621308482419
14815536616190738037
9698424791901033037
2609154202988392868
14600134561700084859
10609767623416079132
3583358295741657579
8122402662382103091
11915007592082732794
10947553542410762788
12574232538978303144
3991249094906117460
16038504468478874976
13298428193301077210
15968564643050268101
3109598323438540216
3981619564722497095
15448894536538854995
17384739406679965261
10449999881005082121
704344606767286352
10861527244919091385
1149861290151674393
8742930462776342825
987767171593626778
4530122067490819189
