6510288229858257477
17965387881015929097
15040665004529773759
5351001023565308952
8732062780823015010
15154374522579870742
9061111994738171043
18216462016944259078
2249492252765691793
3891977459398486233
395596769685001689
8154671884645322286
8674366181689380918
6955910121664101422
18199808032876464693
7835508206271314095
9824300937982294707
17578351232406175769
4518266491417393407
17184310300474280558
10633117669526271158
3444566745758324503
2491259257854572608
6072461310896036843
9825187666594616634
15224992987688107084
10168737456973747509
1802878057676517520
912107212259654965
6272282517171925332
12512832978011613249
14228211998070741853
111947321422239776
8876473297763062249
14033823781139282557
18396166962835101325
1168985292633973270
16610773818305261566
16183149986143298269
5532002070098126745
9903566962629220251
2858407640478201083
9778471915771199302
12043608137047455497
13770101698200142036
617637859020580107
3411177319507393317
3034738092383230849
722132747680713213
2477436249933069963
3897318013023077077
11710812908620769157
12655893903078518997
11235678331061890604
11924607763111368775
6895483737620159348
11842033328559945442
12043913130843157546
2423889031160372285
14235402086702256705
15044858634239775526
15558234532917419839
1984457240690297989
17090452301485245179
15462809679288208838
14643872056435745270
14552409736671686798
616161854215676751
4408694078078296339
14384005335233174632
9626223605260825469
2925598177217937046
10463772205214603739
17498924100167585836
11190628166462360440
2535341211610198371
13627903908515169291
1287157977057021024
15381241761472618602
12564538451812089695
5612441007627541407
670034199795418798
7956096385542259887
12214755446282086270
8969284392246100913
14591157543827917217
1266193179768815859
1069886567119825231
4765216640607778466
3047374909097579801
12762563244425917314
532596293310314866
48458007399752529
1085134099892865613
16593588258559198642
1916344389868352565
14523065596126091745
2287701176101487821
4506586548500125902
1530208792770122999
4693972983805728301
5166514704925556776
13818542690991589258
12315789398005702430
16097519821992805411
276548337111334783
9917513855046825014
18019366221475249070
3861754409033024557
696544600178905232
8717367533575922570
3171824744635932960
13468460885368434423
11387663357721385151
5974170097220379726
13495441555474467849
18283083752019594874
17086488201553550378
15474849634990700150
7855786236993603183
16036584829066927844
11429414749112661572
6773739604828759591
2255029450504967077
15125684775225090101
17370138505139345473
12038321030955637153
5969883937573449290
8535630476887773982
1922516031227835787
18408091837899781916
4854808043847825698
10372698932623857350
11380115160393116397
16703317222345512321
14914945613287471843
9563974680926511378
12461979339752181182
14052823198978626786
10370839724308162974
16646936835275454995
782547185609816639
2430175623977172241
5388717533157352216
4612055648009280330
3432445275994466392
10426702419861801949
14611013447525848545
2335290585941337112
16542910951377095681
3031388688973314054
14235452179118900612
3544892580138211190
13468368999005678936
3147647259024916762
1210112708744626355
14990870320172826710
12933274556670658245
3592696227771555940
8141052678717153038
12095644609826613971
16495353324040749683
11510605350826982374
1264867403023718102
18047267676149122140
12399797706491784475
13323793363456435410
10272275782289401638
8451358858583028950
18321995318776100459
11815094403852595465
2409365617046827080
4962359127562200608
11400666233723059293
4398128809602757549
14440690562143873487
6122385570096839295
12516481913637756595
4859253546349559574
8188816603090929773
14024733354795622587
15437352566162894222
3123118224312622340
18021526285446472170
16252483997983227213
6369230501590234495
8567835171261020027
10410611043516099734
6234392808732084860
8425895667351835387
6849296737456756621
3875259233371706926
2867716424470552159
16141301631046853334
284023594748410780
2286310361688745491
5660912743584885138
9771807486891722270
18233674656689176779
9253370739148851694
12390883221555816729
10653421135468855374
3078085603927481064
7227120891048368193
8077771426239647002
10709107010507773037
7530889265640844828
14459660191403415153
12753014244940653183
6968473382615492544
6715430933243928491
18014600914951359829
1585650947912704280
1651522511653440155
13885775751928224127
7002464571243729797
13140406501531459840
7851388475608652574
3976339853164436369
7343968008527295193
92230658115678326
314353030298071398
18272677501602736682
2570337557435846937
16670947400355626764
5676837799335240053
9749785539304686942
12199018487417121309
3337870270195617502
9310939231394010753
4968323914046640426
17026595439306981639
844884156666536250
5822309714599405468
12878359089886963084
11516054533301020111
11595864067503504017
16859275444629202262
14351703034894556150
9959955251919290121
3533436922963246400
16268603370556022596
16661988565011241744
7101537170379509926
2281039903338669497
3470957885561241129
7967115509206490612
13053053843335745477
15919980635159076856
8791860601413230011
9181062470645972554
3843880994006503668
7081705726111165510
18019521203384959756
15953892045040611085
