2153629184
4176152168
2623556226
2587416692
1460095775
3313668224
4104665487
3531532477
1611218403
3734604153
989207379
3458981931
2277080910
2054789160
1394698347
662060568
3152588679
1434955421
4251852717
527097168
1419742905
4003190013
3698411076
36805669
284709186
1216243177
3644231424
1611947153
975686623
2259398709
439486762
363965681
2952475524
4035188627
4282654322
2121946982
2099148564
1800843766
3421726542
1294701859
4114357543
3497378713
1359430784
2783317249
247494755
1234499014
1993159935
155430017
1511649813
4257877253
489818435
1543042917
1927461431
2692887901
4111934603
3829498410
824107752
3843293419
54859878
1970936023
2516982707
1403641343
389762818
2022772145
3917789276
1399731759
3065990994
3233383311
1991605259
3221145286
3767527812
537107894
560598585
2886512622
1098148051
1002219549
4286897492
2700047755
1319800050
2785999944
2732967351
3283243814
2231614822
1735617965
37219298
3438797932
2639146056
2831616932
3301871808
3500258619
928942425
3542587014
1768974666
1523054399
2131915946
2005076534
4220071232
133500510
1804780629
3273110241
2615148919
2074992021
2432410647
3370392202
2337842220
3047026584
4229678243
305880705
3825860974
3892392932
711465891
2669306820
1921467736
236867860
1630277073
44042538
1723188556
2976957809
3947201643
660136367
4287125756
1450590349
2510045476
3703804115
3552575357
1669760725
1212356358
2971547700
4036076605
3894012580
3920528350
2127087357
1520322801
3640918125
4149580436
4227639189
1810822425
885304957
4104974478
3363038847
3225771889
3698791530
1075899725
1257609768
2009174667
3208181003
3189252864
1340680847
925090071
397694870
4028859849
713552426
2725987680
1247832991
1721037011
4187402772
1586386411
831788888
2348268484
886942143
3091373062
2508182399
3000835089
3838486570
466139159
1751095983
2457279539
4223051033
1444165471
3815288633
2475703693
3489279347
3581772679
2771798628
3712626370
1029640113
4222812741
678586657
2046981954
1307068484
2608310305
2329266214
2686152993
3624035849
1698745934
2686557034
1179089356
2785818773
1800491950
3669607611
4263055257
2245143216
1785005595
444266534
38043530
3307522969
3355703410
2689322938
2340050487
727025580
197307199
4239954826
1629001030
2156221294
4274231821
1858910768
1255432413
1617107279
644120089
558134880
1672846168
2970786376
1815927149
292659545
1248150167
1615607317
1975255876
833420210
2983186399
634303185
4267907404
2884512428
28127581
2298744107
2902194133
2455173326
550770143
3334420052
4059019828
1838760679
1706332906
4270331887
3525640147
3461184225
3891960033
1017365928
3024564641
1053696803
1607955261
1011688701
3404504220
1018703017
388132653
32604633
3972949942
2885751068
1541976538
2795495744
2934233305
2220297473
3703525509
4203745622
3666047099
530786023
1948700557
