11263554641236350059
3838414290015401589
11031489325933646407
3118686546366205212
15790276942151796738
8018558334890574554
3158018549597007508
8317324063789110330
3178029616632146133
6640439749586946747
12361477672649321609
6570370838525659196
7623596753766699475
3187236943507712968
6344289767091127198
5530263970208490496
15104994870094984508
17470016981064142085
14792231038281837885
10969982963788937319
10056845683420381597
17334480468943926748
2778684452536990757
14659899668649607605
18098519933427911575
1154697355934447328
14750547325335475419
7744879758702064773
9584437858894331075
7732517085489220776
16260830670788835774
6258763119046183194
4061457150721871963
17650204124178944244
3995976391973181637
12267333824099578697
6325098049470462605
7148534280744753324
15850135691183025438
17447267265575023818
3969490142589733968
15025906443931390243
9856614032244124527
6116230654410484308
14474166413696981027
6152436031244357860
7922531282551276504
7030891786401185308
7466698666921321565
12163051254721797752
8013801753507372291
17844656332489508457
14681990786330874473
647044615565173089
2769377693107372956
11715684155117272199
1471601159865891873
13312476144854637745
12959471883735842924
8044861238500831860
375725443314607721
15428914127636370112
8207597419381875687
16068486380006782827
16963077067067067552
17049317039015336224
8541143027446851051
4661290759041353509
12991126363959244728
13379156152766947393
4796883977167187848
1530582722164249563
14984475357687641289
3744293739849338027
1385142170994400973
6869945564261212724
1542082510041288036
17374927627136337533
10379694200767476675
3209419515149700667
7752758853003661790
6188170610235730480
18165187654719183084
16781229897545593170
12107080312131514478
7549081699334658091
3538223854165107661
17886337537260758791
9596879753854581189
4463063739816390255
11927344853274313570
8642989832740917737
11910182109294709402
3196172404755989441
4473849253207335572
4424456802741650317
9790974937052430903
1584300234636960400
11264491895327219035
8809339711255128980
10432400012805215772
7359812593535898015
8216808080787564848
240198049598437850
3989379233000030891
18270948397763991386
13879700504068961278
14785049475094157786
998477209123130802
10239325262866925630
7414864447857243062
15942400600151426751
11634235502062089218
17199236107120082767
6742184778322465881
16629360406028492195
8828997334157141624
17602387035021521830
2347738198902572199
17348215333837131416
2309964181532226786
10781056511243797769
12311800451749960411
13368953887592454264
9798814269213955327
5857807564755243074
1546447530486645475
6671881098736145179
2761033418250882845
8837000761829451547
7995382363798974121
595444251194505834
8422217270002146383
4961104880754918385
14154254201044445463
14658957821420508562
16770561663490573846
437549541856967887
5863965883980420161
16291558084945263126
16891154404338581664
8746044615464771599
13743945206793984093
17623880893027048783
9420428421911063225
12523373312996267929
10139811784254585629
7100007156162679182
6868580887692554431
9761673977161528013
16139305981784926881
3806930847764699243
14297388262810136619
1939821615832654449
7167114248322786474
1738632630802235195
17604322603320472316
15128575700100204145
6191237498795911110
1022367039830028612
943127915222285946
9130214235894835556
1735970197553443519
8694308715529454457
5975051622235552085
14519965230711432486
1406051659659077699
11957534116053815119
4326867617268780382
6093319629396353897
1180890745146052409
547584959218655932
9154309089040035594
8190186609088417734
9001448602225090958
10532652732899330254
12530536546094733981
8605086415168184197
18099013216481701624
6025206085260239138
10051401895037775295
7817772610770077970
3215094784150281764
4317276679502118822
18310400251883157459
8752004544431195806
10134934893111778597
16002881249402488221
7862221624993958805
11415031817983692154
12976407993107211284
12466567780777958503
17570561625982874886
6311361342944899518
132802148523141572
8545615793786334799
13702205124793306587
15210885879242530274
4321777025560897516
198261023051860488
2333384173462680240
16845246582555575233
8478043435445371276
141766044768693424
7621456870591644483
3199948579925990474
11238465778295957788
16999932462225124347
11046056707766961793
15311252479926886836
2175881468509364462
4534777921970271913
13892836281936202623
14494260793575660936
13756159339436318822
7952360687670305840
16610598463835460506
11699684802472883536
761535070089647285
257655346870672658
18292970124617905881
3945224252149610971
836836811841039648
6067825669015153472
6318423383073518163
15553512793676361985
12818173442760056391
5689871521222607891
7039066506110388235
3330148425341616020
14328394166719216087
4045667228406435451
9591833468353594606
2326148797224810747
3103986325893216248
11628065717679026579
1301604940773772952
12555595995347474853
2862587130705801127
10280610763579723828
10512415515166501951
12683575820852120120
5961392149695131983
12720895697629538316
4237165683491260686
9970624772936437373
17069153625878124498
8642616973155961126
5379642429113188206
4109329254647967006
16501498428246055272
156226555366232501
14959132580423986536
5864846454124567443
139791106569681469
