639193296
368585106
2970117979
981515341
1382669972
3973853288
1189719769
645276732
4227385551
31811289
3617126452
792708321
4118057302
3169181095
2078490413
4249620171
2982724293
1978092647
469731124
2804776308
3183997939
2826361127
3435186990
3403840825
1304806168
2791881138
1680706793
2651349131
4174453277
353000274
4259878475
2552975063
3539830978
2763809465
402143785
3938308845
4251717693
3015032191
1478018489
793210278
1091596633
3829401812
560240508
1040892838
3400672456
564228953
2102470446
167284739
1513094905
1586374247
1440735472
3253822182
932589058
3050198606
4011292250
1587310274
2861045005
2622851575
1443387775
1097294003
576303541
3160822005
827216454
3103303496
1041691701
572947266
326566121
1833978804
2900641518
1721425992
1326889964
980938735
2921355493
2134709055
2333468247
1577337315
3379575561
3208450631
3593220517
1796250055
3684920798
440456172
2828575934
671517833
2709432015
582707280
1999340228
2804381879
905336315
2827773657
4118262225
3497277413
119807467
3965908424
1117152597
2465005104
2856372700
1298160447
2325344017
252136277
4218405896
1305473864
2542058719
3487241325
3362730602
303724730
3672978674
1054820010
3318910409
2679310053
1778806468
3317438904
424511121
1825208200
3000196249
2318740227
4113448473
3862902225
2221631244
293998866
357611693
3453673433
587587316
2313878678
3584873570
3883202648
1918613832
388235720
1699948436
2221372415
2413753776
2828584424
1259529050
4263545820
2349434573
1928961155
3390590664
3384443448
4222519124
915452669
3111347032
3915745983
2925914226
2099827799
800320950
1048969214
1945982300
2948434032
2649021712
1914981571
297415469
4112331733
360887555
2164384480
4104062772
3473019528
3435715567
817726267
527538395
2096776885
2849809502
1879296298
2504389657
2258182486
2664031491
3935527572
810809731
82483136
1743153143
2700346232
3853540752
2697364446
3570303174
2516441482
1265345983
3331985250
3374151267
3296667373
3416048564
3761610304
924323004
3888964818
2779509953
2813098196
4049972880
3221473931
3804012639
2192552591
3954552786
3191763775
3746703871
1371702627
3441955801
508080231
3033097189
1544285446
2809758310
2035361187
987126593
3755032104
3288821667
2337521390
1347796546
1122033714
3946637791
2060159523
3595206688
3675002374
1292593430
1601307133
1821015835
3278107313
1058543170
1539481412
3313394740
1696177345
170572824
1198747910
3467921551
1265551823
4153959245
2466865441
1352564559
647362175
2699492510
54088082
852715665
2261203571
3053851830
3563529353
1487037949
963974143
1256551104
2548427889
2773540301
1402201136
3788732609
127500225
1934340750
2418139295
576662687
3238154321
299911039
2499233093
2592012146
4166490393
43919867
509798201
2742296354
74893333
3623060906
3536888914
3729730902
2317127851
1946546293
