8259294821631864185
8052166264771923813
5808533831085867214
4207227422505906866
4074651104827614493
3614828059105510180
16209822081557570826
13423748089225456191
6811166509595820979
16562558463228868791
654464879078080707
16626520002339563707
7076427141004775437
10548895385265843158
6696275966205872975
6872361741634838152
889330192199859224
16008332370646968436
8375657792457012226
9824179812109569081
5313900070975584600
798846968881691741
9147570375620602853
3812429888328152721
14483319469203580658
3942686924085546379
7720508329162060172
229941953905688871
9244414634376851182
9288055347186043933
8947641128069645775
4743641282728206110
8982830180367535699
11423663350312427353
11212928429491230206
16592719573596269397
7267104480071098406
17747379129989606054
11666337134640670403
11459623992805128633
1662284020378995069
2876212425534928468
17270122199804818171
15007698343059367531
5668463866620106285
4603264128339894713
16322336741069449068
14552632196859193469
16587782010038570151
15275371408510334009
10825985807464697296
12943947217061918535
9157994907799933463
3913074108097412522
7400720549289680331
14893057453607354318
17267950125057616302
6161585486483208277
14754853125056381752
11873430364583724275
3496370368330914128
13464194920671422748
14025846187066042847
1531229670143862279
15085490612744329760
7619243165494939404
11523989927061717863
1296286840215745965
8845822466355182235
7561400336993832460
11576770155714228220
14563659962562517068
4129155644567544548
14640651031013243493
13576776940950085513
14937736005287602279
3350517750843653251
9473777404339672132
3935919550793545057
13917201329706559818
3213272213951797231
8040332392727662339
14282005266889824285
6194262413105560307
481914293081728808
11176499004735904023
7735884698130587539
8204033696272483069
10381950781352589550
11194937561334587111
15086442041006510467
14951122924683487152
16111612897050667780
1371405618861259171
13418096340604307710
5660447183742432497
17309633664919895596
3486041881463727131
4981419494265141001
16622609222987993464
13171486272072129608
7389169964457322503
15406208654930876689
11135995259421099943
13101867653314451889
7555701607679252169
11652674528959033305
6225874540533251122
6303667553381691406
9833420281906319046
1406629104221556950
6419839363096796080
13368667035581068606
12271296533181322668
427176009881766093
6319266215314480343
6510717971884979713
3081269620580958927
90734601998287344
14588407782759323468
9489664864028023883
4712005030612865789
5214197609924343163
14039043457769022288
1010347593936494765
10447937692758525313
4645603265070410223
10964822880055854702
5605361836277584474
6952687917966129468
11437821162880252081
599119236669915999
1704715019861050241
16985342892892553788
3992776351906456138
14543117690452246950
44104020234402502
11207039909880635755
10047705552453076584
9588385462200392984
2015012262654725860
14055403927174487274
16872047138297258631
4161340456265737528
6557389404921881802
9947828431900112636
16873165208335357761
16555223653076685811
4457034162041859821
14848938411187316794
15606459520928421371
7640570645721147837
17854142288481530602
12016139684901355660
17493288155865174538
4362515960732221025
17771421805760391320
17881030443781781883
4722858568322638466
11269501256929459026
7671123739601802494
2951733347086093140
5386379870198644506
9303492893449492406
16081548757348754730
18428648333792763030
12352356917165362893
9261419433441298638
8117931954003297699
4662017499429657718
6471116839888856709
11435988448762428039
16737208409077908987
17639784948070055933
13672589834900662705
4833946785874019730
13885405529433797185
6478362424941432212
8288435521701625609
15382269123561583354
10177483261830464241
2649332359281972473
6654536438342891443
13714574097360809551
16439033384689150567
4540541304356629744
14802108871927624068
11366727353178019754
6781989115994070450
16612538874759776591
11018770134201128522
9603791301558713153
866888536645094151
13118979541612485118
14915981228530323435
9727859641468821208
11238663714022127612
17308128218589305604
13887128232589794813
4064480650134160497
10394826940393159591
14683815173724614745
3297959559873970074
12705832831710056355
18240652383130936129
16747889220534319939
1157023411918600904
13492609668783149873
2736045427953112379
13118012427866490331
15205539279394606795
13261864566540118819
4179513525252694878
7583720512884655317
987044942051577743
207242040414076291
1079717794047179988
13786844141806956647
696400630886020104
13271939378965111558
15194064719616775814
18329294533068750895
2504141129846994391
6393766833547928197
12184328268273063477
8873578163808787943
2453755437489885599
2356401493311912714
479036039153053
14311186786002644288
5785591442148146901
11899946310654983194
11416316433618627003
7938271633730256995
1925435817593030843
13849487158249440118
2419045740717388630
11785448387157571951
7257434739902813993
1891690827671861030
12493850135894086588
16362015391366251606
11139817130546318235
9018890097001564354
14877056682619816693
15251648358324988709
6348154861099734401
6103698180054757181
5485834141690892721
7581040777070754907
16723522742929873472
4276031852076165302
13341900351602171023
6216460626906597772
9692670020564876430
