7124655364282669740
10923426335606977637
801891795638675818
8214436689578430561
1967235555548305668
7517469477956402853
3576941256248055381
12097385485358593692
1739285801670405520
9675717090113479774
6743975681129769189
12778908983502556793
6989658474194015995
13086456868743916585
11525350822516726573
7593373350393230234
7649449929156649262
5528226319917986153
5711591456049830131
13846731586128382633
4452346044834750562
4593492048571109528
10861596444693322010
2280809398585007269
14597984732121211191
7084328477188407714
11880585947576734993
10045738082640184621
3426466268101681938
6328664696835087389
15494161294863469139
13938314476326035154
4929011394550668290
7104502257853864593
16635330938081492548
7420119168037432722
680378270595338394
3468574268009092185
9833410178775973773
16928299401606018928
15742037855091577795
308526705320386811
15010998902546586809
4582119647697550858
4768832966927375875
8033098591940522215
12072748979835793134
5019377994843579698
5245648841408292733
15470046601447274497
8464588639123499302
8888262470553349854
11911938990896948353
7175593175983013415
11720327902600471398
2641776833892724232
12655711964278450772
547466161960578629
14562760241259979184
3388762545745747450
12924516174577709261
9458353759537156883
303048871450009047
13022595175548673154
17643216131630212107
11123483176170258059
5929176356899695023
1567268248238024220
2887963653169327236
181459808246299785
1332633339324141454
5816538642782761825
5532792384900972116
14911781554367721486
11042494249305316990
2867667257470048510
8855991229344940455
8678308372695824801
17906821508658610430
8991053598662617814
5276005598134831040
12191995643974171398
12534374226415357430
18372503969220603296
1888643680351183052
15418074910514317038
7672557874768386230
5047065467840438377
5118984162983664155
16310684909417122570
10233180321748212540
14032178540157703413
5302430868543117183
11181975322508064210
5891474882669350491
12057722874606949463
8839254531177319724
10851414973066631872
17886209302282341459
11200203605075488234
10536232590281619658
5244970301805461642
8340844014617141304
10973569415449048209
4164914584208784643
8687438127966447815
3655827084741788997
15114493639529054930
16650907729984773914
12968720842464287378
16968590956627875076
14618462972300066771
3304884517348363644
5185847140939863591
13221279331782533101
12794915977063958133
4655591202931683131
2632694633905333450
14794227740057097724
9080686551027839529
16914338345138003063
746777250160562149
16122798685656311152
3767388947599113467
16620176201433282887
8640763456105106963
4326396299826506892
13045100956908857378
16629208170099995358
4483665987610500521
12663919379082304335
9455159283325255233
11760472536873584081
14212464883405495277
11019360245664387876
17376281184566476946
14185007581952383391
872506946758177280
13195788151259369195
10932250003712364967
4526133729540471244
17468706817399733660
15190167728274194420
15145655628490257292
9263288642860484341
16944053671597090134
15477860451101586798
9718330880571066527
14756327616997580354
5714776238721212204
4511067512010257259
8545337738966346030
7057546191852364951
11736811282071614446
12990379050801280898
18203043056017820529
8295368093426607937
1703790653263292253
18323972692795487337
8093245338160672991
2214306020717268455
5607487330783582783
3698848093520299071
14554392197305410893
4129112775995198522
8098884640185687791
15406091077102441627
4462988014717411713
10869642820009891986
5430557782251911786
6700825379982957150
12599419363089215791
9945407985159088965
11460434421278887036
14756950782340946347
6051982702658886208
1881518464839328508
15517116966070807682
13995333768519031427
10958736260491869940
6312847442059821862
11270026837260155335
14736196565803417409
10120552264181172946
16430090775239338158
13711046550967716726
12794808283574898748
7782975409688459535
4169847164035343525
12514509894245650015
18173568229318270826
2279103578970079818
16406569640801359277
12929717282132255664
11840978001217920873
8684751608159276117
17653416044944601083
16765316693900528607
16970281357088827592
8896010593606349001
14539912176898762726
15253316783646708022
10442046818362344255
1516090766036342286
5931962963933811127
11582194967028292863
1165244684062132413
14382117673633702822
13396057438699763378
1083291945040393178
4754873000483426540
8700263161267080194
12370975930727835204
15859831188838844053
15790653825233139153
7055604291019336722
5629183998958977607
10169747344956527555
8409303282688673810
12722815722581644096
14355197304143093036
17937947594189788043
8250545627122585659
16233521262097065761
17210742878893625429
18171534947674141590
6325028486191318942
6717776518549110932
1177452101640809600
18415951245546767574
10630447894668970822
2646199419457601420
4414868130473693062
11713053457033251718
2160058572697448022
13002750728953262010
4140253322116637441
13974774229403836698
18282500961480480774
2925806200292275606
2778844289298541428
8568771911076819144
4283537096385570485
14273948538669791069
14424403690227806342
17858719097361416308
9503644635460138225
13214618089053544222
16792016478261202001
11112296787154864022
15751668062458243140
707325738334531131
17484401015746399078
8753424952822214121
12679912679407650137
