2961846356
438358040
3025962036
3328264525
3019369693
3092176721
3990332849
902705964
2384127454
2009018377
4033812600
1799790983
678371957
1380640370
3930173599
768962157
2936833856
1585646023
374766051
1880001436
2820694964
2286409737
1006624451
1479467362
1736995936
1561260241
3547795224
2033737573
2842472288
124741981
1414632019
1958191254
364136600
241295576
3162399588
3044049344
3874621210
463958801
3776224441
414863148
183058301
3701212800
3922681608
1451428892
3396895629
1532885240
3470771953
1307700797
429613976
141046871
2027469543
3786782471
2338097276
2827642069
1220420398
1890719261
214427316
3655519068
3683020917
971782751
2901370109
2329002269
2842687237
3024431436
2910781767
1755858316
872641388
2720061090
386269265
1968929494
2876420610
704264763
1298871263
1781184844
1866498980
3927395873
1597730828
4246382823
3180964550
2190289012
1355577451
544283347
1789195767
2332310047
3308143218
3024046277
3999974881
652215928
4104238001
119565671
1867348295
3709531098
1322322826
3564588440
2659347256
2186880009
2216906858
4217343776
4057257440
2958178877
3226914423
2149937606
2021188290
1522672468
3516443498
2038241356
1540532185
1224776801
2522597664
2899821130
1933686378
883562435
3621254249
1744933849
3079305330
3995772962
2765823949
1455380092
616152848
1941852193
2751057216
2735368056
3988331319
2908606448
2037967423
3865021511
4168898377
456310558
3658927856
1359713883
399373789
56005496
255314973
179345048
2102867411
2530183685
376187584
1345856477
2956666302
3744577693
1243499059
4253038296
2116494573
160998186
1141917249
2434024423
1897445623
1076140677
2522319595
925362190
647471182
835101232
1824664438
3431202357
569132623
1187916694
433115762
558165109
42864164
1158363882
669186992
3829402774
1819673673
1923055532
3022355844
3024894729
1079307718
3999994137
1150940562
158403029
1092558352
3143820742
465388256
2265438977
2419485854
1611291113
1233809062
4204448197
3326900092
3544768938
3521985759
434987263
2922322128
753548572
2108740146
3049862340
3729607203
3434649558
4014053155
3953514997
1090213077
3614330119
4001195054
2539977747
2611177458
3281549645
2413877589
3654911189
3368993532
2556476925
1586720375
517888094
21499179
2297524694
186110682
53019122
3278181927
3892930214
3307412627
2641142710
4241344736
284795290
200050984
3353102662
1970336385
3402469761
3083228489
197325291
34667809
4061421595
513354170
2514474946
3062430122
2730755554
682169441
1155705291
1078902427
329058205
252245349
2502518769
4061348620
653288841
2707349779
3955720468
1307721734
564472551
2364181290
2977449378
2993556043
1893942730
4095703169
1985895002
805031513
761912540
2697341142
4276684497
1177465903
1497078942
1936315866
2887921758
2729777805
500230365
3205626962
3581789497
2076505008
