6711275959064318138
7749729030138651578
5655991201661327085
9093503325982265756
15488713578365200420
12705490890603192920
14109819457496763374
4693369695998245980
15686765775534312437
8917929892491498224
17972354080552928411
12828867215362024350
5347963841995430459
8081709537961945567
16114025117952091317
555135885598879573
10741725134197730298
1679483862564063805
8587369905266871763
16548395800959901933
287522265219746449
8960735054573812145
15222832994814121849
1252732280296104982
7287402649209115392
15709988935096594289
12567794526684542103
1862392111942994515
2752267410364352520
14607008782373916373
10679686108244332354
13315684221091580028
11067592331764726819
16622912513873627736
1748429569891166173
3485048483523514858
7189448708348639872
3158805981092921887
16368569569108168311
8515785493132174367
3976152215893438267
4399832775631125052
5652648505055852204
11190058330921413121
187288401470713352
17774714729981756493
12123300451801171775
17751016617022753703
8949318778988874740
5593432933135547523
5141491134838113146
4706667495730685617
9224192808342248454
10336141719825114765
18179731769326345060
13012757351022326342
5751334761297267712
1952894422551073684
17278029923749903356
9163285619966168245
10141882141127550878
4257968759537207584
11976857013308886469
11168682301984841511
15415622576169084193
483956404205011384
5668562854385461448
17114206060745176740
773379200891960045
16252453647794836148
4592085451030724613
16570107383950754548
14719202829431847149
8194466425146565615
15728830191951848913
15041314168757848575
9681141412199022550
9568477097901869035
4577666911973646306
970633591043836830
14609911049829755342
17987693280632251074
7482003510979211391
2411004815810903936
14356329438565988967
3558468953369524759
3074357835909090298
2317687075836448952
15329111358787423325
8221132499625005248
9658856341714429795
13140398844052957466
14306205644589028089
10277762935648708441
10059815271362086357
3840495058812706937
8565074569376427808
6939461144423630570
11631424554034557044
5214470311853147999
11829363160332909163
8026851068565406771
16638114862705191660
12668752937226648591
16725987156247820910
9660952809049619673
4848136701188403249
13720171590820265680
14187990976604633992
1483299284866217455
6637247080666881090
11077406906668180296
11534736912709054191
8928680770567467164
13093597544155815222
12054419397050050490
16322154701149952235
3114293291048557419
14698633157324665030
11807086413705417241
1872770251495995498
13638754803321092499
3447494587558042557
16986768252120598216
11612363197983020443
5867715679770705573
453282603661870443
6493676897861483212
7975846459435504092
18331337017849540204
17210781593963953437
16386487182375948053
6902146313447896358
17817357023948924267
15855991281620171571
12400550074008540998
9373591809270519669
15849364073702388232
2426270513084484308
10419384691574734
9443732947104279582
9590931418315662715
18335986921310836337
18171300810308063450
9795495538335347692
13918136537014787607
10848475043011737574
4832451154728054043
5833732750012768424
18326403212491725387
14793128630092482040
9640685862343940669
18356730035813898016
5832555605446772111
2538629879050457529
14656652122388591201
3975812287048132117
1746661533558510815
5505157206679454565
16157198101103332371
15225463671154823255
3858657107818741105
5123689071650310194
5835557643695513351
11497049185484006087
17983159853361837163
11113942172493490413
6147245396183908236
5716620500354907706
3985242110077048177
6455860442456642409
4229281772455274687
3188478902634825950
3717654225188888662
9757275513706528079
9432417810275046420
18285107480996712162
14986534715360851007
5989384441258259423
14619960975681258844
9818698045196133470
13638654687635386075
2448956334328775947
13028300985901405848
128229128036222989
8906529828537902956
11878304602812550142
10911950712757850091
8476790106717866545
12889132040466065475
9582275436272921731
579614445761743330
9671356676719479736
14723437663184750601
1621201905806751896
14599818655629503784
1178805052035734760
13917318932144005126
5623059774892701241
17136978889886348216
606767947880682232
81638035140075754
15291553298386425816
12566891549118415699
8727815182066610456
9168217546580472612
13954385940032901922
3699977943331517462
16882602559797624950
7825336040394274113
16859305009190924865
4414333222350861330
15000577056863690279
14381315738017456386
452465212966589141
5233789077160878465
15860549209914780078
4129425880675257714
13409645174784375106
2348758735817175941
10997752323631883353
10288045807855170616
14295972019954042676
7882967249230376762
2154431286547615814
14779902698860719249
750744955035717499
155625909392610645
10172893405710886100
11452820034115045048
1060850197454390517
11926836781153089518
10797412332833981249
8589590801499329863
6764741600419513279
14343833778993194651
11081697234190128087
9817309063338385203
6778251910492492782
4671285072148041306
882807876079238057
3832423185835165321
2438536276619199802
1433008639591176204
7403210314952841917
4811234252230540351
7027280876370724009
13666549961856789180
12289542853286644703
10107639144745164483
405568164380751307
10857818379935784060
7940680571224855399
6028606089916627136
14121330811336312319
