2888295935241504750
13631517717111035369
4107168689349452385
17092008641718586488
7952162845776973081
14431987940689983640
13522353382948926246
1778154499620884637
11776316020666409574
4052433878645002900
11962686114822779435
2106215251514908532
15304781032171901149
11760734835121960461
14046126445431161375
10604875305733528367
13677137707777225704
8221524259559599705
6138483738446243046
17174928801120446199
13760429514471217720
5691039234629040739
11715603796850986461
13587564411129922564
5105669250710402126
16907829690862964334
10905617775709940808
12708414251467496958
258737842730044998
7910385057627061619
723896055868642607
5399372825555549111
14964663109628505928
432825188348505319
17277776089128425566
15512951019623946802
16280526177814987388
7884797969760021562
674778328138534120
9723905838828036885
333043395617635981
1093416213049843856
10928266803734888443
9315471721935753850
17554076230653536088
13628849580879623027
17296332149804951543
8645901567864610755
6129158002620733835
15612615975594321496
1907571141509944162
8644859199691504772
11909423653517542541
11502551987230853399
13013504457934223063
3327962087372901636
14928865252974394685
9425350900665951427
4254444709155928789
12676800064807048593
17948926362768481951
6095188686901665189
15087241739652918882
16183384967108894967
3992987160621526627
10171913741738606296
2879006886905512767
12631338175489356242
7623823383790197649
4358704744248385795
2360008175035572352
8467061655942352329
7626001355396272099
8141215375862339870
6406657375893930318
14020047848218085619
15621297223058760927
16504884922312730347
10328387379383596287
14385952083928104761
14756160154350494160
6651032101864233754
10364428978428056955
18443407767105695599
15234753280590086318
11836213644171767254
5448534012899506289
14942162284160603575
11061079710297116643
14182109794183356173
11646070296934090808
7247212792854555906
3282379673843779705
17063858062739973496
10383117431964352453
15574366992501508531
1394842786598583969
15607445496537964820
8522461271645019927
13034897057376795374
10324882757997234227
5439476009566298016
9285387152047193166
13049051786783260963
12770915821076235516
681158307026774515
17773749921189267665
7320673797787473918
16540391091677084588
1139505523082484389
15382170579118586629
10627070609242374365
8579900418199163429
10653488997675564477
2047566566697281671
13058097123719481618
11261602597250972668
15011576261437883095
3837053953052322862
10140902995770721474
101495883910066146
10619913457518230253
8179329867160282117
11805709804309812264
2297108233376680485
17266725484468523635
644039276008942123
14172048028639670678
5586392013945064156
9969557991257305581
11046319027485547645
10863006867605761042
7338882622679807889
4362773643412292765
14382667874995088236
7929698749513175119
11348867263054652660
18058651041191075729
14146456320094627718
8830787142726838497
12934410763627533700
2092727247568171429
363084657895323996
11006340346177155214
17638313228656105074
5769075579705589690
5876848670804502109
13619661657125974406
11823614266565440317
4713354630849389472
12202395304521559170
14114570546181325717
17776957629177481902
15118833997275766018
11196760802550895591
106280134720192179
3681170320277531562
13632574514397090768
14988640034313121843
16197872054273825562
17928737829310449824
15146323095204014572
14091601985658071653
4875245722963103795
1893047558474595088
830293552168442897
3443615066762588718
5390207710331957662
5301280990678282
2765521198036970809
4487318734776939362
16531866540414923880
6338243939579139269
11887798705705810145
4602384859706124464
4459579180671390881
7711382660925850919
425694553712484032
3719862088436712119
7391448367838201032
8519627503414751960
12307907676729962481
2056892059194358939
13763494097882982168
8832320464416523403
15219109264246347211
5945431630714934106
5260451185337565045
13815524630278497164
14060695729801368061
7313221725705970393
10639876187777413143
9214759509969085378
15435085108723804483
16553073030204344379
15430249317391769623
6050345330705220094
13424383609653087726
12573174506325796810
16710672900126684540
6031660451485393218
1855780486054971609
4145060948142220984
1751573047645193261
11080478107043027631
17681286318500649568
13047789953026321334
6472776657615439015
6505610659420540875
15384503705922791659
1494918984365152342
18402882942337944394
14965011526927024737
8997750909064602785
10413532233441195976
16507427379617412005
1344888731774631406
943371069289147289
6957578407287008151
11835431852205475916
8347456777139219093
11658712367020225199
15755449183688581378
3134941824467447803
10375656269075595419
5999979870073790293
14373428091122636502
10212070827122728379
1331108705968406703
3323158074872348771
11049931914073062842
9499530725719785460
173075929450598682
3045882748595994432
7376549004611130133
6043864621318273656
5847268028180401996
441105144759734096
16826209006833035978
11337068074968344047
9028099938034021903
11001320085187986333
1904812869204597702
5291844399806855453
12249983482981544167
2727406385684643108
8656946723183815805
13388005051206250901
14601119321369365562
18080750040532311115
4319202801967093436
15349183206662461491
1749356398527895180
12969490163398280758
16566176310379322541
