235662856
3878127939
2074614133
2430002002
510343415
1023265466
3372713114
646977855
3945245129
3407853091
3211595316
2340692990
1054021570
3809393253
1222317033
1802667609
1115744340
654734556
3331393625
3260266871
508786328
3801835748
2431031618
2075731155
2735424480
4115491504
206389749
324724747
1464144914
3392983655
4014350772
78277671
384141724
2380185220
876567811
1299464886
384445515
4291441886
3993627852
1159353922
840154100
1475425576
4287532731
3951702719
1056210841
1100102449
4152860252
2276890816
171685189
733139226
2597324449
2815224752
160593829
4169804100
623189731
392087462
899802309
3733133477
830617958
3220012743
4034290264
2887442078
3988825988
4113725531
1596066130
1372990537
2353961235
3211344265
3194285640
2109645899
2101674058
2840856588
1315451540
2624326982
4105502936
2261630337
4051042165
2702960756
3566860489
3936166792
3833633312
2640365130
430432302
2096639709
907330664
108575728
3161977810
2299896946
3356086449
2421987352
3992413532
1477975846
203022368
1579982546
431021354
2962171732
200054993
1088679135
1327533547
3745812878
3419810802
3283184875
3576699896
3642139859
2347708162
4167056685
719996273
131248813
3610927094
276836866
1185542827
3415327649
446559323
2493339136
3041474991
2787735418
967402634
1426575221
260553003
2696559123
2025507907
1659775861
589916675
303437403
713111280
4022212334
3846704990
854538805
2281596593
2420542058
853518817
19454233
2597330542
2379542627
3438459657
2692401957
4062671417
686778505
1945063497
3215603176
3347980017
1251540859
3029043989
2460799945
1320265482
3036006677
4067056477
749176396
2845218136
2921755532
3353917405
4028766166
4256001430
3713206947
3651425592
3955577683
2552610267
3033833529
1577072426
2461854142
1049890160
3179870068
2948706109
3116272005
3228507621
1766520150
1208242595
315995892
3504546164
1612302669
1735233476
3117121682
1594894794
3211792487
1814119471
2591235977
2805374767
1385795799
2624306643
2690908579
2170951628
74117592
3352585117
2880155369
1059333831
1351241128
338829680
1771841562
3572576988
3011022770
3873319604
2539129527
2399896248
1770975485
4154801569
999293025
3374445383
2262378614
1162027763
230759142
4025771257
3991762496
1425216319
4192920950
2855858002
2812575660
4099556433
3502202274
240922456
1920803790
1709239474
4111362187
2130450936
4173517645
650617389
1407498078
3276054028
3729023708
1791416314
2588701699
968643621
1883163842
768622460
2830213544
1662599475
170849051
2332676840
160400498
1300245845
1365393668
2892258099
2734329809
3060504441
3200925879
158844122
1296967358
4102106942
3835425474
3387103739
486240059
2495705551
2159066149
2253591247
722902320
938111058
4214185224
120939181
1028579138
2212504515
3941868730
3328023394
2510653975
626333091
2361617211
1385782073
