1309930334
3228112088
3783710604
3099731765
2206289339
1281007801
3437484233
943711978
2639901277
857544914
3413276082
1248106307
2298317537
3262486667
1412375144
3890241073
1184910105
2698635233
2876312561
2925626255
3581111974
3628840912
485131851
3054155750
4131901866
3801788026
2371309224
1927097577
1271953647
306682134
4099948041
1994730475
115574573
3073450527
2921308539
1865687841
1443546212
2928739109
2476041039
71074776
2917702582
1099118303
3220000294
2979440970
3857946700
3206512881
3764448982
3169484440
2939770493
3462511753
3482388885
791501394
1278238579
2756824413
1490944224
1981006228
2268433391
2304989302
4032784341
4205029687
2124283088
1106965474
774208846
2585120535
704621238
3975259612
2084261108
450467394
2281976155
759408720
3459534711
1792986979
3033780153
3631112351
1130299209
2108175362
1340315279
2126027209
3815610174
3997427139
1793402107
1040040838
912361240
2970405320
404401280
477297335
1008735221
2265133433
2888651163
474616689
1056367499
1089448413
3898515079
3520954982
1462578045
222715071
623428771
2593374911
2031086402
1118014941
2889914253
3395023423
1987104777
2075119265
1859890592
2862208785
158906953
2506883261
4098899520
3457941296
3478213044
1615130632
38775556
2364744398
1473038139
4279954798
1344094472
2406888891
795271930
3401548885
1275775552
2723069151
1524502894
3659361755
1131814025
3022348632
66600421
355107896
1486145366
2076367085
4151120450
4168304570
449633446
3396797724
165761815
3734223157
4201633762
12721738
1512786372
3740399776
1895883309
2892051133
2652669923
2309963107
2479754134
356635104
962301589
3847032283
4064498016
532153715
1897567966
2307530103
3998048501
2822465709
947262073
390460895
2390629999
1121800013
2703106162
2335723278
2825434278
1511020404
4079956968
3564781402
1731650721
1012879091
1176981760
1452396492
180704026
2773084102
2557176096
2736386934
2174176889
384305450
4080898956
1640944591
1088115007
3845714206
912799493
3657278799
2003096899
2804793659
3704152434
1119789836
907940709
2060355412
581810070
1488388401
4140467975
977036435
2739747552
980005018
796576984
3888697471
3753828691
1590058859
3843461813
2807402367
2252723019
2113760627
604978097
1136973491
1192186212
1870229410
2522490493
3474052560
3355998918
1135872292
3117442096
2064879830
178559440
243818495
2467148693
1299024870
1885284456
4183298070
2818413313
4199642684
1867072477
1060322216
2492563060
2887012205
3710053270
3654704067
314417975
3766956830
1625794007
2106979509
3547217271
1209997649
3673986062
3333441655
2487981557
3403086306
54309400
1763811279
3946977338
2013427009
1282258807
273226874
2202324494
3589883102
2346951363
2130965222
2856518749
2084691100
1010272543
2103886415
1380503024
3966168964
3000044384
2921574575
429606389
167911679
1161507113
