15302366501556674633
17184394981426327354
14286626961931304413
17441382685146668613
9246603998886954427
5899311826082743210
8003187179337739534
2461715033964633005
15021165642632345171
10152013459846445655
13393069319451803088
13136455319145071726
15491274346113469274
17571271138530780866
10008774635266957468
16144469206658654941
8870488069205266580
15239349759582973362
16235885712544514810
2052677868977746142
14333427750838932500
3534226130250675933
17287015165864316791
2428380061830077056
63766401307398151
4265478744762770924
16046012193512597598
9205490996010871404
15217792837857142291
16818857799396818475
6444207646801813607
17522868804887715261
10071151925171890229
8568472812943707892
11829588788207655437
859506120278102840
3213232401981756300
12262068593118179595
17553802215412982615
1242646599617182044
8338870850629131668
15668160498136080280
14943827300689182047
17766576986126636928
18358566879556296563
509997505720907524
10202217761778477623
2361660285043880994
886882486035747493
2490148329621118974
6463348768560100740
8146079764778887511
4274802581279878040
6752571118478550660
5928364940796214507
7626580332976211484
2404461652965190459
1462391050017027578
5297925869338783013
11151572220819619120
6511628820531690606
8481785344936792128
8300812817050851691
13345817940882875238
3698769567650017455
3075033100983953295
11783752286304504101
4484123112152691035
4339777167418329102
7994783640032337377
10879703406019034401
15901548402503420559
17017461985754675276
8842986809778402569
5190050993069786327
8993042284033885641
11879928489272738474
2049073572499913652
10505876007347215024
1064980121811737670
7822940291637177472
9053680278621506424
6296028514817729783
14569157284401045783
18038297249197014841
6782266344960089078
6250643932870799769
8145653180043884903
6543852824913826108
3160032882223857729
8927135354887864994
13708148366291239308
3999021994665763867
10080511768102754670
16321727618657803923
5017563023254462018
1755121852759640733
1940938184575481742
15599339401021035845
8165406999124583126
1392169853122898832
6666235991592158089
9854784671300494274
15843236964828505690
6992779184080780996
17268569135179955048
7116751575943784030
13287668362386749998
11602999530698411561
7731013438739293489
4547289054684269706
15182727263991535917
5245114217487334761
14444401712727819069
17316413873691002758
10343733327047250611
14799660770681182564
7333287284231713198
18222882294447112592
3282030733314493156
8793810647021057745
13711266629564580844
4784293934134324742
13524721915897727910
17233882357551749311
10512994374909149719
1940476497602294385
10015880144790096588
11835857984920415595
6883958777648446498
6254859226672184078
10285544545162110044
4790918444172555728
17707205530063039508
17542826027534634998
12605715391551646145
8817604703207426946
2127476108289692861
17237405087316126601
11382057213617964438
2844059114653916060
15246488795633306901
12904091848879876514
4411673196024628083
2965040124874732524
3361485667670059022
2865152059393090992
2602684997738900910
8710574691201403685
10458344425344466433
2637781146118890690
2278604633621248676
10638122842896959344
16539278609534148099
17559924479980511691
14334265978769634456
17820309251323875211
4899844148423091194
6045960012728017021
834220113771561437
9653204523736460189
17683588685453137790
2180717337813744529
14267306296763131224
4306934558319734961
17381040798340629527
4469634081073825703
5960953185731698706
11370568592469963225
13445611288215947853
14629067478302556396
16829695931690288954
17534039270726448060
11284530495342220231
15027501695217648386
16478122974099017910
50982490060325122
10191589506774578284
7112193888318279895
8210980978283534132
9284985530517913626
16962645462113297057
8986779339827993590
14969647503321323066
5886133857689118592
11177309189924194950
1404846162186044529
6263935558493512987
11678974957925644966
7811584490050564717
3957100157402816514
9505062499808661604
5561780851867436413
11438072851158342120
11624316931815370348
11061838809285703325
16637735974106575421
11123389893103542131
2804962332813680146
9800194892421837830
1769519187172973612
13933125550908099516
8327925619282516391
17668265767134742105
3354990707458944374
3520035447595630968
12082742983930804573
3909774899362742153
15250116041192349731
8000293676779611485
11621829325197752960
6505996249123028782
1265433316984151209
8180515115276104382
4812100252400280282
11132351520971074198
5361777717159839372
993129997181101204
4985192296180546450
17113500445962054039
11568283739332721265
14139652810790471349
11952394481280645669
3507041882692382938
12499931997991591296
16981037042795684273
10554425897517529677
8956355325571686284
15582013084298001789
8046232070905271004
1676841470804032631
603784673762419889
3621565900504626796
6903902586726335901
17384733927244726413
4128017381205556364
15792703022707734036
7399962486645480043
13463819152470056455
11563551511152138664
7023964971017875690
3931238622640284360
4710050100337113275
11499359677565942378
5066519723341623926
9702192853098038614
4468239938923614829
10189273722580157188
4057653399490808730
11029351577942084726
2107859611820842386
6176358812783612327
17191660164619259966
7387980264792371741
4842285807752005557
