12105923326110141480
7635704011960211243
6413087019471808097
14610321103208216613
6141062733257821291
9894023149482167319
1621470042964150168
13683643175118761082
3167087369978183115
7861389306842510312
2087680297493138630
15821130334149108132
9955405590178862954
17411305787071149137
5648155429882098925
13664993935990297427
12616163669658896794
696444258541759527
12256925940245753044
6150654413653139742
11512851990119976910
4553893082863930376
15550865109034660920
14178010008038102184
6865008030800370146
5032227584529866513
14931636783853060351
3500618176495345228
971584315658544139
15871897589773959031
6053056187248773974
13075183248803390075
4431474623663693750
678326441597272632
13465876570602430806
18204577831351374845
12080058004364549214
10381262189148887468
2944202933672758142
1113524221702740183
13356362134112812619
16338052431886495502
11453068003706313933
12778849716901949244
13429557578718506985
16056279214109257799
8838357845981150190
11754711033826869433
9190165382747391497
3471956234689064919
9751277457850393113
2010385776152136326
18181355999600288699
3624739959027754108
7484653166139835578
12174137917670160961
13004833536514232891
1061230547138677118
5019101057456610425
4547685943054839244
17019228075760531949
7366197338216068605
15387353275200738506
3777582541863242563
1593429431598289262
195712915419219639
17638384883171692476
12223915472137417762
3667460606892196975
2947638293218176295
17769082640010919983
14876725199682404302
18259349940524382200
13186017995148481912
5757499218750323325
3544160363455797435
9735196564600588606
10625718847253607337
10004455816758466001
12245435505554555819
11116291608399910622
240723061924957544
4128740641877279420
8469816857013143530
2190310297292233142
908495543355455662
12827083855427179341
14492460855533185881
86019314512987211
15839646432275690462
4721743598941202323
16855758941012201307
4566207644675220121
4539137737637920786
15056075749106579248
6400820004902937765
257389083383273793
13468953269381072909
9546997367379156054
1161043495711163587
13803302721431010116
8791520832813453473
1345402080021069116
1344379612506340170
468117974642611157
4282258851093041241
10621970287522448317
3324634929476064465
1570566595560775745
18133288338145997005
1551696675121647135
2077033032174858700
2051803085115382706
2712497873108729342
256349004077884959
11359800470743668412
7298833962418116975
9672302346610798780
13669187061656628667
4640002938976638366
2582447488571524593
16564082148981539345
6303174037249949893
13542900014548766913
14793395701756156375
17623264697988142248
17322021090633626503
8921070165501487334
1269648709977409151
15106532986002456446
14228249099436157849
7229695653072384218
5934188206908624407
1036224630537004772
3384551013655410875
7892892270925644546
13008538597597233726
1481883149512780076
12495762892298948980
8413508244278535007
18341389297202427790
5912981777591559352
2863508033335325419
15259875809858023466
4861357919495833071
14265203066967420754
6673686673843130616
6983201611388617329
4491953835810939168
16952935608263330845
6943293968899638964
7731250441431843134
7984772930508637639
3742527593572933259
5656346291567275233
15181867919300321301
17180236573361162444
3863361890818449789
10276134082533505643
4004664331142683713
1086690349102696496
15068681313750901569
4202970169943996590
11335697388849165097
1104345027360817011
4225641157056044123
6852774036876368219
5931610095867196929
3445893377277744531
10284734474646747859
9211152157089150292
1905471208414563800
9310793507980332723
10419368576340938774
16353061000693178475
16349086653763884734
14308228195920762460
11998271292665453105
18351770721661099932
8383096484432607274
1472131100111684458
11771640843033067454
15736927630273586797
11321264496316540601
14070689769187033031
2086779929359221651
16931343019384287471
1604059181402246939
1670006252231212398
10973441848569554646
9551554975354825034
1536156652234450944
15234881772003528230
14434593587705678296
7998040288394945590
16121240735325096653
1122425226914507177
11903726548492201192
15217770639122638124
6676659430043807706
3254514088503218253
696751474319219133
13874024982168240056
550113289347772376
3697466833456642163
10426297139690927543
12548309704842131427
9702803723388186544
2012464162961228010
8721091124356832152
9984360651809633137
10625728911762529452
16591926479534331773
6963029593479128185
16216182601850572918
11625723763875504926
6964473306003963579
2286420221690779804
17038387486114987328
14553950456071623572
16661010702158874871
6616453088470041977
12963407961787381010
3714418819494940145
12680447595103431466
1049018631009001179
13549417878631745347
4312356719679970537
5825178563262963992
18388656293848034694
76453968208200378
7228144752316871708
8474973985840468122
16103723942102704117
2821446136821507677
16603185706105249247
3479625896959353735
10214476504106358214
16680584843908490741
14656716572001931166
16553613822617528996
14283234204368262899
3742661963252210439
10506597873426322978
986809087227655428
4895320867580652359
12089378493233052141
9134105182146036312
15313190127479317920
10927201444582960232
5359617209250204032
3868757003022364210
16182323235598991275
9157942592967581557
14778148506496254381
