1376697863
3456649216
783122717
2643053247
1662155457
916910654
3418972295
3087564081
1466339522
1142926119
632406114
4229380227
388037566
2326209144
2860745738
1070636318
1190333493
2263185385
2940831125
3338774109
2112121440
682913266
3308566638
4005226957
3109790412
4225741950
2892751282
267751460
2900084077
3363959152
4128428271
3236905961
303181029
1466862730
2764811645
1444137846
302227814
3287616933
4038298066
536941658
3903037493
3351649158
696454458
2214605725
857280519
818825719
4083510880
3090296956
1918321849
3783501029
3536381022
2503994622
771363609
3670767111
1486148807
2488676228
642748941
3611248616
1475438949
3706497401
2608913971
1572341806
2591650821
1758305490
4289895169
1656589238
4099600982
2889690028
733349346
1818290526
3482335439
1043189617
692511574
1388452410
187713169
1237349748
3811156317
1905664531
965924917
1164556618
3482134413
2019894495
579067215
1208933246
3399509223
2307312572
1206465127
2863864253
2156332705
1124798568
3549439365
4207203189
1285829059
1445501626
1869952177
3804029802
1741889709
87811704
1560889831
612962185
1997011726
2894881760
989382549
3834334871
2396177805
408073317
3462300
2205246301
763580071
2366191571
151000
276242061
4057793448
3466887095
823469543
545785778
3373122516
1476987487
3754976523
4292671749
1772629471
1538162644
4291485612
4212394563
2312792189
52313495
268917529
2753379991
1687226497
861064018
2165770764
3713828476
1177172570
2906860999
4214472844
1623158314
2702448832
2713812598
216657558
1325771688
757525145
3250250553
1824536241
236273588
1837426110
1080432745
3271086918
2101250709
2527279808
1695365809
849712293
707944734
3588469876
38526471
2068341980
740993699
3126660993
3725520295
1151323637
4259023837
2774626672
3461453436
2424674366
3302390609
255480592
3913512277
2051106207
4056896288
2932918204
1503520036
63568691
1370069187
485357122
1566607505
750816643
2799996885
2462069483
1389457868
1426124923
3855742253
2805156404
1285809212
1297955930
1555473581
1881073506
2545447150
2229233213
870289556
1515443341
1607320694
279481208
1856936752
1985763719
2738523025
3225610027
4286623739
1704389372
846746091
1297359179
3807435366
2915869625
2558875830
2189758158
1975319388
99849822
2079708907
1285573721
3913309141
4065460603
2326964825
3545910227
217129755
3417818390
2073683387
289747375
1167985907
915091452
4268704876
1397217625
3676403901
3320037424
2118062273
1288088052
2259224836
1177552263
2806937231
3897406752
2332378857
2360544021
814624482
3761863822
1303014922
2809761674
1016949561
1504963089
2147123299
29731520
3844662462
642552975
997063570
2364794902
405331537
3527770390
521958264
1446696469
1909136728
4056702148
320050510
2749701404
273132988
1854483480
2032932119
3115197105
1851392054
4064389497
