9843068861417305843
4306726821392197364
17217128855076640501
11680786815051532022
6144444775026423543
608102735001315064
13518504768685758201
7982162728660649722
2445820688635541243
15356222722319984380
9819880682294875901
4283538642269767422
17193940675954210559
11657598635929102080
6121256595903993601
584914555878885122
13495316589563328259
7958974549538219780
2422632509513111301
15333034543197554438
9796692503172445959
4260350463147337480
17170752496831780617
11634410456806672138
6098068416781563659
561726376756455180
13472128410440898317
7935786370415789838
2399444330390681359
15309846364075124496
9773504324050016017
4237162284024907538
17147564317709350675
11611222277684242196
6074880237659133717
538538197634025238
13448940231318468375
7912598191293359896
2376256151268251417
15286658184952694554
9750316144927586075
4213974104902477596
17124376138586920733
11588034098561812254
6051692058536703775
515350018511595296
13425752052196038433
7889410012170929954
2353067972145821475
15263470005830264612
9727127965805156133
4190785925780047654
17101187959464490791
11564845919439382312
6028503879414273833
492161839389165354
13402563873073608491
7866221833048500012
2329879793023391533
15240281826707834670
9703939786682726191
4167597746657617712
17077999780342060849
11541657740316952370
6005315700291843891
468973660266735412
13379375693951178549
7843033653926070070
2306691613900961591
15217093647585404728
9680751607560296249
4144409567535187770
17054811601219630907
11518469561194522428
5982127521169413949
445785481144305470
13356187514828748607
7819845474803640128
2283503434778531649
15193905468462974786
9657563428437866307
4121221388412757828
17031623422097200965
11495281382072092486
5958939342046984007
422597302021875528
13332999335706318665
7796657295681210186
2260315255656101707
15170717289340544844
9634375249315436365
4098033209290327886
17008435242974771023
11472093202949662544
5935751162924554065
399409122899445586
13309811156583888723
7773469116558780244
2237127076533671765
15147529110218114902
9611187070193006423
4074845030167897944
16985247063852341081
11448905023827232602
5912562983802124123
376220943777015644
13286622977461458781
7750280937436350302
2213938897411241823
15124340931095684960
9587998891070576481
4051656851045468002
16962058884729911139
11425716844704802660
5889374804679694181
353032764654585702
13263434798339028839
7727092758313920360
2190750718288811881
15101152751973255018
9564810711948146539
4028468671923038060
16938870705607481197
11402528665582372718
5866186625557264239
329844585532155760
13240246619216598897
7703904579191490418
2167562539166381939
15077964572850825076
9541622532825716597
4005280492800608118
16915682526485051255
11379340486459942776
5842998446434834297
306656406409725818
13217058440094168955
7680716400069060476
2144374360043951997
15054776393728395134
9518434353703286655
3982092313678178176
16892494347362621313
11356152307337512834
5819810267312404355
283468227287295876
13193870260971739013
7657528220946630534
2121186180921522055
15031588214605965192
9495246174580856713
3958904134555748234
16869306168240191371
11332964128215082892
5796622088189974413
260280048164865934
13170682081849309071
7634340041824200592
2097998001799092113
15008400035483535250
9472057995458426771
3935715955433318292
16846117989117761429
11309775949092652950
5773433909067544471
237091869042435992
13147493902726879129
7611151862701770650
2074809822676662171
14985211856361105308
9448869816335996829
3912527776310888350
16822929809995331487
11286587769970223008
5750245729945114529
213903689920006050
13124305723604449187
7587963683579340708
2051621643554232229
14962023677238675366
9425681637213566887
3889339597188458408
16799741630872901545
11263399590847793066
5727057550822684587
190715510797576108
13101117544482019245
7564775504456910766
2028433464431802287
14938835498116245424
9402493458091136945
3866151418066028466
16776553451750471603
11240211411725363124
5703869371700254645
167527331675146166
13077929365359589303
7541587325334480824
2005245285309372345
14915647318993815482
9379305278968707003
3842963238943598524
16753365272628041661
11217023232602933182
5680681192577824703
144339152552716224
13054741186237159361
7518399146212050882
1982057106186942403
14892459139871385540
9356117099846277061
3819775059821168582
16730177093505611719
11193835053480503240
5657493013455394761
121150973430286282
13031553007114729419
7495210967089620940
1958868927064512461
14869270960748955598
9332928920723847119
3796586880698738640
16706988914383181777
11170646874358073298
5634304834332964819
97962794307856340
13008364827992299477
7472022787967190998
1935680747942082519
14846082781626525656
9309740741601417177
3773398701576308698
16683800735260751835
11147458695235643356
5611116655210534877
74774615185426398
12985176648869869535
7448834608844761056
1912492568819652577
14822894602504095714
9286552562478987235
3750210522453878756
16660612556138321893
11124270516113213414
5587928476088104935
51586436062996456
12961988469747439593
7425646429722331114
1889304389697222635
14799706423381665772
9263364383356557293
3727022343331448814
16637424377015891951
11101082336990783472
5564740296965674993
