3542650359
2904953742
2267257125
1629560508
991863891
354167274
4011437953
3373741336
2736044719
2098348102
1460651485
822954868
185258251
3842528930
3204832313
2567135696
1929439079
1291742462
654045845
16349228
3673619907
3035923290
2398226673
1760530056
1122833439
485136822
4142407501
3504710884
2867014267
2229317650
1591621033
953924416
2474105623
1836409006
1198712389
561015772
4218286451
3580589834
2942893217
2305196600
1667499983
1029803366
392106749
4049377428
3411680811
2773984194
2136287577
1498590960
860894343
223197726
3880468405
3242771788
2605075171
1967378554
1329681937
691985320
54288703
3711559382
3073862765
2436166148
1798469531
1160772914
523076297
4180346976
1384772535
747075918
109379301
3766649980
3128953363
2491256746
1853560129
1215863512
578166895
4235437574
3597740957
2960044340
2322347723
1684651106
1046954489
409257872
4066528551
3428831934
2791135317
2153438700
1515742083
878045466
240348849
3897619528
3259922911
2622226294
1984529677
1346833060
709136443
71439826
3728710505
3091013888
316227799
3973498478
3335801861
2698105244
2060408627
1422712010
785015393
147318776
3804589455
3166892838
2529196221
1891499604
1253802987
616106370
4273377049
3635680432
2997983815
2360287198
1722590581
1084893964
447197347
4104468026
3466771409
2829074792
2191378175
1553681558
915984941
278288324
3935559003
3297862386
2660165769
2022469152
4181250317
997104910
359408293
4016678972
3378982355
2741285738
2103589121
1465892504
828195887
190499270
3847769949
3210073332
2572376715
1934680098
1296983481
659286864
21590247
3678860926
3041164309
2403467692
1765771075
1128074458
490377841
4147648520
3509951903
2872255286
2234558669
1596862052
959165435
321468818
3978739497
3341042880
566256791
4223527470
3585830853
2948134236
2310437619
1672741002
1035044385
397347768
4054618447
3416921830
2779225213
2141528596
1503831979
866135362
228438745
3885709424
3248012807
2610316190
1972619573
1334922956
697226339
59529722
3716800401
3079103784
2441407167
1803710550
1166013933
528317316
4185587995
3547891378
2910194761
2272498144
3771890999
3134194382
2496497765
1858801148
1221104531
583407914
4240678593
3602981976
2965285359
2327588742
1689892125
1052195508
414498891
4071769570
3434072953
2796376336
2158679719
1520983102
883286485
245589868
3902860547
3265163930
2627467313
1989770696
1352074079
714377462
76680845
3733951524
3096254907
2458558290
1820861673
1183165056
2703346263
2065649646
1427953029
790256412
152559795
3809830474
3172133857
2534437240
1896740623
1259044006
621347389
4278618068
3640921451
3003224834
2365528217
1727831600
1090134983
452438366
4109709045
3472012428
2834315811
2196619194
1558922577
921225960
283529343
3940800022
3303103405
2665406788
2027710171
1390013554
752316937
