17100705488680986989
1342770731400691129
4630680809137893507
14127793560747008821
3831060494103939389
14166266622352343168
18340617372616014126
9243956174848628924
10481466821645494213
640146519921233252
1938803398467298557
8060589535585515760
7934831410390675456
12587369903124532615
13934264081741022744
2133333938332128708
15441128475107904425
2685951601716328866
4086274158854864588
13245471218057300670
14890199507496480001
14527856751404162967
13352089964696748099
16105672627344420708
1882806122889365888
4418126787114596877
6043241438928350359
6151191281368915373
7833398068086970682
7497190386431776122
5478444051677266587
16335313343752272176
3740629351472872487
1401985865607352253
5569358248463741477
12795206305933637628
4495383286457317706
11659962297897913111
3351816551671588496
2035969567273246568
11012173987552660726
1291660971637123641
8160877725609243598
8099700234645188071
8536335640828807096
5521709098005336117
1955135578808922341
7304958803466012033
14446339515975008297
5930512804550813553
6480038275997240222
10131377535708214305
5160352844272425344
4075828670497515491
1082707352309919314
13275930098357135056
14491353590837737101
16227795009164237235
2458065805672222532
6187650346947414699
18259974839571848604
9058656511359237068
3197394314239281437
5153610088256732921
3969968909972638131
13445845390324460688
13895306538306271912
18042774463837283169
6408146177112628461
632757911203131432
786157062115866826
4856101284624140778
3534291950014010551
7622001679117654624
1500320681965066206
17703649470408652781
10712753604872552979
4925298129970894264
14888957030113946545
18230614825799243460
5520407539967809993
18124589549532054390
2032659787851665193
15068073407307696052
16166709881961692908
511857565671220867
14166593572341830254
12499592464532927340
16224425644533935414
10922523682571000914
14286122825208564144
7378039007371865643
3095249450909665203
13669760923142417173
9722578499548113251
16526338902234533235
10370190951753135237
17629972640324020985
11487554353535258308
11964599377910152660
12911134941762339420
12687297846746152739
17156678670756023726
6869630188827040568
17177088812967668189
2615262043585389612
5884919660221688064
10353447388691498704
5922433987538464213
11594058920906722414
963109271127891972
9824511151017008499
14219406551486783155
3135566728348195902
7359018231807057252
16887504241638527981
15021352194371295944
6060825135551249089
13811138364193762119
17294831203744245863
998535299848140239
2406482454169347178
10895728159149567978
15361165760059094416
7316056675484210040
17436499838922856485
8856144976121099334
2380816384471755048
5773218556735997852
4163227780317314898
2020477564895648150
16405122767478437318
4129542189309468682
12236279986618177465
17359456692371318764
16804092665179611587
14692040845686921334
10683057066372896950
9569814660585600773
8932225869170300633
3654297558874015384
17471596081473379872
15554870726376526605
3314178279900504324
12015168384361888780
11138090217480890221
13445134009031159509
2697718952782029277
2213469191211154247
3313437120124570483
11812900298925150525
3619805649501748395
4108916660069607958
17924592224586019214
7164972536682701701
7288275587030430605
17039880604908892060
15490524710428772232
3535161444887933105
1349943492509904275
2987679837951828429
5121560279814808897
881200847051695552
12260352546486596043
16651987129249553128
12016921605431586410
177115017652919536
15890800057065864801
4219596339602602091
681002888312944898
4805347523156180297
8569531911841957238
9153862928233840782
8134151350683811919
6800389460842088717
8921599913651057550
6175907182072328998
9223143965939036243
12154020747955128433
575912763597285756
7721620522351915535
3189231857437999743
14671387204671887742
3831812539363762431
11737971450880860854
1113043236816985222
7988817811117276719
3248308010600226929
16070913116727046496
3949111673372661454
11569785998067390182
5192828441304042076
17881854295437645096
7257419747818009607
10908843211229726294
8749554399318268497
15555702463137957830
16315539657203758598
18431407149113490545
1515335839041417720
13101842858135211478
816784917206068630
9187872573251235797
12688140313506601871
7700796412162904744
16944213175499130865
11189750093968271119
4831446846805544603
5795953328437620727
13233909077293278184
14905742917106794057
16314725613758726048
1869373375876352839
8532855741549344986
49976486675989721
6770496777935470367
6758454825357173525
1365880712754290216
5341924267779145949
8088284537929702252
4925607220157935130
13271472513167680014
9482419517044565628
7381381893463194775
1936043273348134909
5666884662236827315
10224095171489521614
3006953041036880220
5502631107193010652
5896806056688534108
6412661075465923748
18103216622959710284
5246591963037174293
14549051364472212878
6988565473773360519
6237369442522032651
2577463264650777493
3765875379126238221
10391977640149923319
14232835387062757758
16662809705377958975
10225953816792872954
11201413111453254495
5686657681922314669
8732174662677922870
355377327196817303
12500900803439817455
9725711545025137761
8797604326007406541
15434356275536510589
6172272185308315927
2822861519066768149
2031107319548714561
1823171564388839355
2750103125952885783
